heur002_n_100_m_3274
29 32
9 90
41 42
4 96
36 48
6 61
17 48
31 67
17 61
10 21
12 80
28 37
41 97
27 54
30 59
4 43
8 54
11 59
18 75
33 60
40 76
10 89
28 79
40 89
13 77
16 82
9 79
28 92
6 50
9 92
4 98
36 50
1 69
17 50
12 69
34 83
9 26
30 48
41 99
18 51
8 43
27 56
30 61
4 45
18 64
10 78
40 78
33 75
26 35
9 68
28 81
9 81
28 94
4 87
13 92
4 100
29 49
24 55
7 77
5 44
39 42
41 88
13 26
30 50
4 47
22 64
33 51
10 67
40 67
33 64
28 70
5 86
40 80
32 81
26 37
9 70
28 83
13 81
9 83
27 100
4 89
16 99
36 54
29 51
17 54
12 60
14 95
41 90
2 98
17 96
18 68
10 69
28 72
14 29
7 26
9 72
28 85
13 83
9 85
4 91
17 43
1 75
12 75
14 84
41 79
6 98
41 92
30 54
33 55
33 68
26 28
28 74
5 90
13 72
16 77
9 74
28 87
14 44
4 93
36 45
29 42
1 64
31 64
1 77
12 64
31 77
7 83
26 96
34 78
18 59
10 60
40 60
26 30
9 63
28 76
13 74
35 92
9 76
28 89
27 93
30 98
4 82
13 87
16 92
29 31
2 49
4 95
36 47
29 44
17 47
12 66
5 26
41 83
16 26
41 96
17 89
29 99
22 59
18 61
33 59
10 75
28 65
26 32
9 65
28 78
9 78
4 84
13 89
1 55
12 55
4 18
41 85
25 77
27 42
23 44
18 50
33 48
10 64
40 64
33 61
10 77
5 83
21 64
40 77
32 78
16 70
28 80
5 96
20 81
13 78
16 83
6 38
9 80
8 84
27 97
11 89
20 94
4 86
6 51
4 99
12 44
31 57
41 74
29 77
41 87
27 44
18 52
8 44
40 53
33 50
32 67
28 69
14 26
13 67
9 69
28 82
4 75
2 42
4 88
38 86
31 46
1 59
10 13
12 59
26 78
14 81
7 78
26 91
41 76
41 89
36 95
27 46
30 51
18 54
17 95
10 55
33 52
28 58
40 68
35 74
9 58
28 71
23 77
13 69
16 74
9 71
30 93
39 98
4 77
6 42
4 90
12 48
14 83
41 78
34 75
25 83
29 94
33 54
28 60
40 70
35 76
9 60
28 73
5 89
16 76
9 73
8 77
30 95
4 79
6 44
4 92
36 44
31 50
7 69
23 26
41 80
36 86
30 42
29 83
4 26
18 45
17 86
36 99
40 46
10 59
40 59
9 49
28 62
5 78
13 60
9 62
28 75
27 79
30 84
4 68
16 78
8 79
30 97
4 81
8 92
3 98
41 69
2 77
41 82
8 26
30 44
29 85
18 47
40 48
10 61
9 51
28 64
16 67
35 80
9 64
27 81
4 70
23 83
13 75
16 80
8 81
4 83
38 81
38 94
12 54
7 60
41 71
14 89
41 84
17 77
36 90
29 87
18 49
12 96
40 50
33 47
28 53
5 69
32 64
9 53
28 66
6 24
9 66
27 83
2 26
4 72
8 83
4 85
31 43
31 56
41 60
14 78
7 75
36 79
25 78
2 94
29 89
31 98
17 92
10 52
33 49
9 42
13 53
9 55
28 68
5 84
13 66
6 26
11 77
30 90
4 74
8 85
27 98
17 26
33 91
41 62
6 81
41 75
36 81
29 78
17 81
31 100
5 60
40 54
28 57
4 63
13 68
8 74
30 92
4 76
18 95
14 69
41 64
6 83
18 29
17 70
36 83
11 26
29 80
18 42
36 96
12 89
40 43
40 56
9 46
28 59
5 75
9 59
30 81
4 65
23 78
16 75
30 94
4 78
11 94
10 98
40 98
33 95
41 53
36 72
15 26
17 72
36 85
18 44
33 42
28 48
5 64
13 46
9 48
28 61
5 77
39 75
16 64
9 61
27 78
30 83
4 67
8 78
11 83
30 96
4 80
33 84
40 100
14 60
41 68
6 87
36 87
31 93
22 44
10 47
33 44
28 50
5 66
13 48
9 50
28 63
27 67
39 77
4 56
30 85
20 77
4 69
33 99
7 59
25 49
41 70
17 63
36 76
30 32
6 89
36 89
10 36
12 95
5 55
32 50
28 52
13 50
16 55
9 52
30 74
20 66
4 58
18 77
8 69
30 87
4 71
11 87
24 26
31 42
26 61
14 64
41 59
25 51
14 77
6 78
36 78
29 75
31 97
12 97
16 44
28 54
5 70
35 70
9 54
30 76
4 60
18 79
27 84
30 89
4 73
3 77
18 92
33 77
1 44
40 93
33 90
28 96
9 96
41 48
6 67
41 61
6 80
36 80
17 80
10 40
28 43
5 59
9 43
28 56
27 60
20 57
4 49
13 54
16 59
8 60
30 78
4 62
8 73
11 78
33 79
40 95
33 92
13 96
41 50
36 69
29 66
22 26
5 48
40 42
28 45
13 43
32 56
9 45
4 51
23 64
13 56
11 67
30 80
4 64
15 78
18 83
8 75
11 80
40 84
10 97
26 41
40 97
32 98
9 87
28 100
13 98
9 100
41 52
25 44
14 70
29 55
41 65
24 74
36 84
12 77
10 44
12 90
7 96
28 47
13 45
16 50
9 47
27 64
30 69
4 53
8 64
27 77
4 66
38 64
18 85
33 70
33 83
32 100
9 89
14 59
13 100
41 54
36 60
29 57
2 75
10 20
12 79
7 98
4 42
8 53
4 55
18 74
8 66
1 26
38 66
18 87
12 26
33 85
14 48
41 43
2 51
29 59
6 75
36 75
31 81
17 75
10 35
12 81
31 94
12 94
5 54
30 60
4 44
8 55
30 73
4 57
18 76
8 68
18 89
33 74
26 34
40 90
33 87
26 47
28 93
9 93
41 45
29 48
6 64
41 58
2 66
17 51
36 64
29 61
6 77
24 67
18 23
17 64
24 80
10 37
12 83
7 89
41 100
4 46
30 75
4 59
38 57
18 78
11 75
22 89
40 79
26 36
40 92
33 89
32 93
9 82
28 95
13 93
9 95
36 53
29 50
36 66
12 85
21 26
20 43
16 45
11 51
30 64
4 48
18 67
8 59
11 64
30 77
4 61
22 78
18 80
40 81
33 78
26 38
28 84
9 84
2 44
20 98
14 54
13 95
6 55
9 97
41 49
29 52
17 55
36 68
10 15
17 68
12 74
32 42
28 44
27 48
30 53
13 42
8 48
30 66
4 50
38 48
15 64
15 77
18 82
33 67
10 83
26 27
40 83
33 80
26 40
28 86
40 96
13 84
32 97
16 89
9 86
13 97
9 99
41 51
2 59
17 44
29 54
36 70
1 89
31 89
34 77
39 47
41 93
27 50
30 55
13 44
30 68
4 52
38 63
26 29
19 26
9 75
28 88
9 88
4 94
6 59
2 61
1 78
17 59
10 19
31 78
12 78
7 84
41 95
32 46
11 44
18 60
11 57
30 70
4 54
10 87
26 31
28 77
19 28
28 90
