heur002_n_100_m_3274
1 26
1 44
1 55
1 59
1 64
1 69
1 75
1 77
1 78
1 89
2 26
2 42
2 44
2 49
2 51
2 59
2 61
2 66
2 75
2 77
2 94
2 98
3 77
3 98
4 18
4 26
4 42
4 43
4 44
4 45
4 46
4 47
4 48
4 49
4 50
4 51
4 52
4 53
4 54
4 55
4 56
4 57
4 58
4 59
4 60
4 61
4 62
4 63
4 64
4 65
4 66
4 67
4 68
4 69
4 70
4 71
4 72
4 73
4 74
4 75
4 76
4 77
4 78
4 79
4 80
4 81
4 82
4 83
4 84
4 85
4 86
4 87
4 88
4 89
4 90
4 91
4 92
4 93
4 94
4 95
4 96
4 98
4 99
4 100
5 26
5 44
5 48
5 54
5 55
5 59
5 60
5 64
5 66
5 69
5 70
5 75
5 77
5 78
5 83
5 84
5 86
5 89
5 90
5 96
6 24
6 26
6 38
6 42
6 44
6 50
6 51
6 55
6 59
6 61
6 64
6 67
6 75
6 77
6 78
6 80
6 81
6 83
6 87
6 89
6 98
7 26
7 59
7 60
7 69
7 75
7 77
7 78
7 83
7 84
7 89
7 96
7 98
8 26
8 43
8 44
8 48
8 53
8 54
8 55
8 59
8 60
8 64
8 66
8 68
8 69
8 73
8 74
8 75
8 77
8 78
8 79
8 81
8 83
8 84
8 85
8 92
9 26
9 42
9 43
9 45
9 46
9 47
9 48
9 49
9 50
9 51
9 52
9 53
9 54
9 55
9 58
9 59
9 60
9 61
9 62
9 63
9 64
9 65
9 66
9 68
9 69
9 70
9 71
9 72
9 73
9 74
9 75
9 76
9 78
9 79
9 80
9 81
9 82
9 83
9 84
9 85
9 86
9 87
9 88
9 89
9 90
9 92
9 93
9 95
9 96
9 97
9 99
9 100
10 13
10 15
10 19
10 20
10 21
10 35
10 36
10 37
10 40
10 44
10 47
10 52
10 55
10 59
10 60
10 61
10 64
10 67
10 69
10 75
10 77
10 78
10 83
10 87
10 89
10 97
10 98
11 26
11 44
11 51
11 57
11 59
11 64
11 67
11 75
11 77
11 78
11 80
11 83
11 87
11 89
11 94
12 26
12 44
12 48
12 54
12 55
12 59
12 60
12 64
12 66
12 69
12 74
12 75
12 77
12 78
12 79
12 80
12 81
12 83
12 85
12 89
12 90
12 94
12 95
12 96
12 97
13 26
13 42
13 43
13 44
13 45
13 46
13 48
13 50
13 53
13 54
13 56
13 60
13 66
13 67
13 68
13 69
13 72
13 74
13 75
13 77
13 78
13 81
13 83
13 84
13 87
13 89
13 92
13 93
13 95
13 96
13 97
13 98
13 100
14 26
14 29
14 44
14 48
14 54
14 59
14 60
14 64
14 69
14 70
14 77
14 78
14 81
14 83
14 84
14 89
14 95
15 26
15 64
15 77
15 78
16 26
16 44
16 45
16 50
16 55
16 59
16 64
16 67
16 70
16 74
16 75
16 76
16 77
16 78
16 80
16 82
16 83
16 89
16 92
16 99
17 26
17 43
17 44
17 47
17 48
17 50
17 51
17 54
17 55
17 59
17 61
17 63
17 64
17 68
17 70
17 72
17 75
17 77
17 80
17 81
17 86
17 89
17 92
17 95
17 96
18 23
18 29
18 42
18 44
18 45
18 47
18 49
18 50
18 51
18 52
18 54
18 59
18 60
18 61
18 64
18 67
18 68
18 74
18 75
18 76
18 77
18 78
18 79
18 80
18 82
18 83
18 85
18 87
18 89
18 92
18 95
19 26
19 28
20 43
20 57
20 66
20 77
20 81
20 94
20 98
21 26
21 64
22 26
22 44
22 59
22 64
22 78
22 89
23 26
23 44
23 64
23 77
23 78
23 83
24 26
24 55
24 67
24 74
24 80
25 44
25 49
25 51
25 77
25 78
25 83
26 27
26 28
26 29
26 30
26 31
26 32
26 34
26 35
26 36
26 37
26 38
26 40
26 41
26 47
26 61
26 78
26 91
26 96
27 42
27 44
27 46
27 48
27 50
27 54
27 56
27 60
27 64
27 67
27 77
27 78
27 79
27 81
27 83
27 84
27 93
27 97
27 98
27 100
28 37
28 43
28 44
28 45
28 47
28 48
28 50
28 52
28 53
28 54
28 56
28 57
28 58
28 59
28 60
28 61
28 62
28 63
28 64
28 65
28 66
28 68
28 69
28 70
28 71
28 72
28 73
28 74
28 75
28 76
28 77
28 78
28 79
28 80
28 81
28 82
28 83
28 84
28 85
28 86
28 87
28 88
28 89
28 90
28 92
28 93
28 94
28 95
28 96
28 100
29 31
29 32
29 42
29 44
29 48
29 49
29 50
29 51
29 52
29 54
29 55
29 57
29 59
29 61
29 66
29 75
29 77
29 78
29 80
29 83
29 85
29 87
29 89
29 94
29 99
30 32
30 42
30 44
30 48
30 50
30 51
30 53
30 54
30 55
30 59
30 60
30 61
30 64
30 66
30 68
30 69
30 70
30 73
30 74
30 75
30 76
30 77
30 78
30 80
30 81
30 83
30 84
30 85
30 87
30 89
30 90
30 92
30 93
30 94
30 95
30 96
30 97
30 98
31 42
31 43
31 46
31 50
31 56
31 57
31 64
31 67
31 77
31 78
31 81
31 89
31 93
31 94
31 97
31 98
31 100
32 42
32 46
32 50
32 56
32 64
32 67
32 78
32 81
32 93
32 97
32 98
32 100
33 42
33 44
33 47
33 48
33 49
33 50
33 51
33 52
33 54
33 55
33 59
33 60
33 61
33 64
33 67
33 68
33 70
33 74
33 75
33 77
33 78
33 79
33 80
33 83
33 84
33 85
33 87
33 89
33 90
33 91
33 92
33 95
33 99
34 75
34 77
34 78
34 83
35 70
35 74
35 76
35 80
35 92
36 44
36 45
36 47
36 48
36 50
36 53
36 54
36 60
36 64
36 66
36 68
36 69
36 70
36 72
36 75
36 76
36 78
36 79
36 80
36 81
36 83
36 84
36 85
36 86
36 87
36 89
36 90
36 95
36 96
36 99
38 48
38 57
38 63
38 64
38 66
38 81
38 86
38 94
39 42
39 47
39 75
39 77
39 98
40 42
40 43
40 46
40 48
40 50
40 53
40 54
40 56
40 59
40 60
40 64
40 67
40 68
40 70
40 76
40 77
40 78
40 79
40 80
40 81
40 83
40 84
40 89
40 90
40 92
40 93
40 95
40 96
40 97
40 98
40 100
41 42
41 43
41 45
41 48
41 49
41 50
41 51
41 52
41 53
41 54
41 58
41 59
41 60
41 61
41 62
41 64
41 65
41 68
41 69
41 70
41 71
41 74
41 75
41 76
41 78
41 79
41 80
41 82
41 83
41 84
41 85
41 87
41 88
41 89
41 90
41 92
41 93
41 95
41 96
41 97
41 99
41 100
