heur045_n_300_m_6293
48 166
34 268
215 279
25 155
99 104
117 279
131 177
69 238
48 300
25 289
140 239
106 254
147 255
33 126
177 255
3 260
77 209
79 255
95 199
33 260
107 209
86 271
34 81
125 199
63 260
180 256
39 51
111 277
146 271
123 287
48 113
139 231
275 277
13 277
138 164
229 282
50 293
200 237
58 130
10 89
67 192
151 270
35 95
58 264
37 141
150 203
125 146
269 275
141 275
56 167
60 286
37 275
212 276
50 106
103 117
254 286
98 123
284 286
279 292
17 292
80 82
45 246
89 144
126 211
197 212
21 144
138 140
160 279
13 37
48 223
124 218
37 222
55 239
106 177
184 218
23 300
105 110
196 228
8 177
99 295
140 296
79 178
170 296
17 239
167 183
10 199
12 245
86 194
1 271
19 261
93 210
54 255
95 256
72 272
47 215
125 256
13 200
151 164
178 267
2 41
153 210
231 278
117 149
208 267
23 113
133 227
188 284
12 58
140 243
193 254
19 74
79 125
170 243
271 295
58 187
223 254
74 131
10 146
51 147
86 141
81 147
42 192
19 208
21 254
95 203
111 147
150 260
125 203
162 270
13 147
44 214
127 225
11 50
164 292
139 235
25 106
217 276
29 225
45 169
105 220
210 236
222 246
1 247
174 175
38 287
54 231
188 231
31 247
107 242
140 190
61 247
21 67
225 247
156 268
172 212
46 258
250 253
39 218
262 263
14 161
239 279
125 150
145 213
48 280
81 228
99 218
55 296
36 54
127 172
164 239
31 60
17 162
108 280
237 286
98 127
1 194
3 240
77 189
267 286
38 234
54 178
31 194
33 240
10 256
109 235
183 184
162 246
63 240
190 200
93 267
70 256
204 256
47 272
139 211
9 138
234 256
211 272
2 98
117 206
92 149
11 160
9 272
8 47
4 278
78 227
55 243
154 222
57 289
184 222
10 69
156 244
1 141
244 249
54 125
10 203
125 126
19 265
192 193
35 209
95 260
72 276
14 271
27 102
13 204
25 29
194 215
55 56
127 282
256 288
29 282
105 277
154 169
17 56
209 226
52 242
82 242
193 258
3 134
89 258
223 258
14 84
33 134
51 151
12 196
253 258
21 258
136 208
39 275
111 151
201 202
13 151
29 95
22 55
99 275
1 117
127 229
187 280
11 54
31 117
50 167
66 111
217 280
103 178
194 296
119 122
210 240
98 184
52 189
7 15
19 25
14 31
225 251
81 98
25 139
151 278
39 222
37 149
41 268
71 268
29 42
8 104
25 273
99 222
154 279
30 243
106 238
242 284
283 285
33 110
10 126
177 239
22 136
272 284
19 188
128 131
31 198
10 260
86 255
116 255
146 255
123 271
139 215
83 91
13 261
39 169
138 148
160 287
48 231
50 277
124 226
1 11
3 57
55 247
57 293
98 294
33 57
184 226
225 227
35 79
74 192
26 151
13 74
104 192
97 152
192 197
136 265
134 192
72 280
148 275
247 254
13 208
178 275
2 49
29 152
4 95
105 147
231 286
57 106
208 275
261 286
11 111
52 112
64 122
91 225
29 286
3 4
121 225
130 287
19 82
74 139
218 268
13 21
122 156
172 273
76 161
37 206
164 166
29 99
22 59
8 161
99 279
191 218
3 167
54 105
91 172
45 177
86 178
177 296
22 193
121 172
1 255
79 296
54 239
31 255
72 256
130 234
47 199
183 245
144 266
69 92
34 256
139 272
50 200
215 267
117 267
48 288
25 277
18 237
193 238
207 294
91 119
108 288
149 289
223 238
49 58
86 125
177 243
3 248
77 197
93 141
79 243
70 130
47 146
162 254
13 131
238 249
132 203
192 254
169 270
111 265
240 271
13 265
118 281
43 107
29 209
105 204
138 152
270 271
8 271
55 117
15 287
188 215
91 282
82 169
4 286
121 282
209 287
225 231
10 77
12 123
177 190
204 293
179 236
280 288
67 180
95 134
70 77
49 139
69 202
44 145
122 213
247 258
106 218
103 105
194 223
8 218
249 280
1 178
38 218
15 234
54 162
31 178
91 229
256 296
286 296
126 199
54 296
169 246
188 296
53 71
179 183
123 251
211 256
39 149
218 272
160 267
9 256
97 103
248 272
8 31
25 200
99 149
159 200
62 267
243 278
207 217
11 278
85 227
1 125
193 295
94 289
246 279
31 125
58 228
223 295
258 289
24 243
141 239
21 295
54 243
155 295
70 187
130 238
13 188
151 152
178 255
132 260
57 86
208 255
34 260
139 276
50 204
215 271
25 147
103 215
268 282
105 261
117 271
73 164
188 272
140 231
19 62
54 56
147 247
89 242
74 119
184 287
225 288
10 134
177 247
21 242
72 207
14 202
29 79
8 141
185 218
187 264
203 208
139 223
240 275
50 151
215 218
18 54
105 208
8 275
15 291
119 240
21 55
58 122
14 15
126 256
225 235
156 256
23 77
9 179
136 139
129 257
48 268
97 160
2 273
37 267
166 273
31 48
108 268
10 110
105 155
214 290
79 223
203 289
15 238
256 300
93 255
68 198
48 81
25 70
78 81
55 97
96 256
160 271
9 260
25 204
140 154
62 271
18 164
152 164
55 231
154 210
57 277
106 169
17 97
10 57
77 124
198 242
51 192
49 119
37 243
111 192
164 203
125 248
9 73
50 74
13 192
29 136
4 79
97 270
117 141
112 147
203 265
139 280
87 90
50 208
215 275
256 276
25 151
18 111
105 265
94 106
121 209
98 225
31 292
42 50
79 117
271 287
147 251
72 77
74 123
81 139
9 236
171 190
148 206
13 139
178 206
251 253
106 279
31 105
91 156
66 99
217 268
270 279
22 177
98 172
189 290
114 116
77 234
54 223
188 223
130 218
181 183
86 296
56 245
190 245
160 194
146 296
139 256
9 183
39 210
55 154
41 256
71 256
48 272
97 164
8 92
25 261
99 210
152 221
3 98
79 93
147 227
17 154
242 272
33 98
237 278
98 119
115 288
63 98
267 278
93 125
10 248
123 125
86 243
192 238
146 243
247 295
199 254
25 74
252 265
29 193
194 260
78 85
55 101
160 275
50 265
25 208
3 45
98 282
207 225
11 286
140 292
19 123
165 298
49 123
53 242
13 62
81 196
141 247
97 140
60 258
159 237
37 247
212 248
254 258
97 274
59 140
31 162
256 280
1 296
209 218
52 234
188 280
31 296
47 240
67 111
211 240
21 116
62 117
72 81
225 296
218 256
255 296
81 143
9 240
25 184
37 194
138 246
150 256
106 149
92 251
8 149
99 267
214 217
24 93
54 93
91 160
33 155
1 243
3 289
77 238
79 284
169 177
260 295
31 243
72 244
167 289
63 289
192 295
139 260
50 188
215 255
25 131
2 147
62 198
136 147
4 193
57 204
117 255
222 271
48 276
101 102
25 265
84 91
115 158
55 292
168 169
147 231
207 282
108 276
225 272
101 236
177 231
255 272
79 231
72 191
86 247
13 119
192 242
199 258
66 79
18 38
105 192
57 151
188 203
140 162
21 39
147 178
126 240
101 183
53 112
172 184
42 111
151 246
21 173
37 117
51 200
49 127
150 179
111 200
105 139
8 206
115 268
189 217
249 268
54 150
91 217
86 223
210 289
22 238
116 223
52 238
54 284
70 228
146 223
7 64
153 239
117 178
92 121
160 255
248 260
8 19
25 188
2 204
62 255
136 204
39 271
57 261
92 255
133 256
110 272
122 282
101 159
22 51
99 271
140 272
77 108
170 272
147 288
47 57
86 170
67 278
265 293
171 227
33 293
183 237
238 294
62 68
231 254
117 125
69 84
50 192
29 254
119 147
55 162
57 208
59 254
188 260
200 270
3 106
19 50
147 235
225 276
51 123
86 117
63 106
81 123
116 117
46 287
39 247
70 122
111 123
49 184
123 133
26 200
102 195
143 196
13 123
4 10
99 247
76 263
152 258
103 150
98 156
1 223
77 218
31 223
91 274
107 218
82 161
45 279
22 295
88 110
220 229
172 188
9 167
21 177
74 188
30 81
104 188
48 256
122 205
124 251
157 199
159 245
200 246
37 255
78 256
212 256
55 272
230 246
106 210
17 138
108 256
184 251
10 98
98 103
1 170
52 108
79 211
155 206
31 170
58 273
162 222
46 47
40 232
93 243
41 53
192 222
95 289
199 238
9 114
62 125
254 295
57 131
284 295
25 192
18 152
4 254
3 29
57 265
207 209
107 112
49 107
177 292
162 169
253 287
13 46
19 241
37 231
148 247
150 293
226 288
50 62
178 247
153 190
4 67
105 119
231 258
208 247
29 258
18 99
22 218
222 279
110 223
52 218
204 208
140 223
216 218
19 54
79 105
74 111
225 280
144 291
218 240
104 111
141 178
37 178
150 240
92 235
166 184
226 235
23 256
22 31
1 93
187 256
38 133
240 267
31 93
217 256
235 273
105 200
8 267
54 211
188 211
10 289
123 166
86 284
158 160
162 279
238 274
192 279
146 284
139 244
199 295
46 238
151 254
76 80
37 125
138 177
57 188
110 199
143 147
48 260
140 199
131 271
147 215
108 260
126 277
177 215
98 107
63 86
189 225
79 215
244 282
21 210
10 236
51 237
274 282
86 231
13 103
116 231
93 247
111 237
146 231
139 191
125 293
13 237
25 62
41 191
206 258
71 191
48 207
50 253
140 146
4 258
22 275
131 218
147 162
133 264
108 207
149 208
204 265
28 39
88 90
40 49
42 95
19 111
79 162
95 106
147 296
13 50
81 184
67 286
95 240
136 241
125 240
13 184
105 123
112 139
31 150
64 98
256 268
82 88
22 222
98 217
31 284
67 99
151 177
62 105
37 48
14 64
92 105
218 244
278 295
255 284
172 249
25 172
136 188
39 255
117 296
22 35
99 255
77 92
127 209
170 256
203 204
106 271
147 272
223 267
12 205
45 153
177 272
189 282
1 231
77 226
79 272
54 215
155 267
31 231
33 277
10 293
123 170
26 237
34 98
13 160
46 108
213 221
56 237
144 242
215 243
25 119
29 238
78 130
55 146
57 192
117 243
133 187
12 18
25 253
140 203
200 254
78 264
119 265
170 203
58 147
149 265
225 260
10 106
237 270
100 157
93 117
46 271
239 292
269 292
20 123
247 287
48 77
240 247
50 123
13 241
66 67
18 26
8 247
31 207
91 258
66 201
140 150
119 212
22 279
147 166
51 54
9 151
46 218
39 178
90 116
160 296
5 193
13 54
48 240
62 296
111 188
55 256
85 256
8 194
173 261
249 256
52 92
130 133
256 272
167 200
142 143
45 210
98 221
19 278
52 226
192 206
54 272
169 222
146 211
39 125
231 295
14 68
132 289
129 176
160 243
261 295
99 125
62 243
136 192
78 187
243 254
55 203
3 13
94 131
10 29
22 39
140 260
18 270
191 198
3 147
170 260
147 276
223 271
33 147
258 265
12 209
253 271
63 147
141 215
19 225
21 271
74 282
49 225
150 277
9 45
13 164
178 231
238 282
213 225
192 287
57 62
208 231
69 72
160 190
11 67
215 247
25 123
2 139
117 247
73 140
200 258
67 79
3 94
79 89
21 84
147 223
51 111
177 223
172 229
148 178
51 245
49 172
13 111
23 240
8 117
233 235
37 296
111 245
30 256
15 133
17 179
52 149
38 251
31 211
98 278
40 273
21 31
58 98
169 279
67 160
234 273
211 289
206 295
117 223
282 290
9 289
2 249
55 260
113 238
154 239
10 86
105 131
189 209
3 204
79 199
91 209
33 204
198 271
26 164
86 215
162 210
63 204
77 287
56 164
93 231
192 210
146 215
247 267
49 282
123 231
125 277
259 277
9 102
50 103
213 282
55 73
160 247
48 191
50 237
8 11
18 140
119 192
243 258
17 73
149 192
11 258
10 33
101 151
161 202
202 203
115 207
193 275
3 151
168 218
19 95
79 146
147 280
223 275
10 167
101 285
253 275
81 168
93 178
35 173
21 275
155 275
74 286
146 162
49 229
123 178
164 179
166 225
226 276
2 9
97 246
231 246
196 225
99 292
134 286
112 123
110 211
119 273
193 222
126 289
74 99
225 268
218 228
278 279
197 290
285 295
62 223
44 182
29 59
106 255
240 255
205 234
17 183
105 188
22 153
8 255
1 215
3 261
79 256
54 199
188 199
31 215
70 143
33 261
10 277
109 256
86 272
9 25
153 154
116 272
192 267
146 272
123 288
7 113
9 159
13 278
25 103
2 119
16 175
222 243
282 294
85 130
3 74
85 264
33 74
10 90
177 203
100 141
232 260
3 208
79 203
21 198
54 146
95 147
33 208
13 91
63 208
81 225
19 286
111 225
247 271
123 235
164 236
13 225
8 231
57 123
3 21
154 190
58 78
10 37
82 263
156 212
19 99
79 150
53 218
81 172
172 290
134 156
39 296
37 223
113 218
164 183
92 280
166 229
226 280
50 54
13 172
105 111
8 178
99 296
112 127
205 291
91 189
10 200
119 143
22 210
1 272
93 211
54 256
188 256
31 272
144 149
130 251
82 210
123 211
137 267
62 93
34 273
81 119
25 160
159 160
39 243
37 170
138 222
117 284
106 125
226 227
29 63
8 125
173 192
276 290
18 254
59 63
152 254
3 131
147 260
205 238
223 255
33 131
10 147
177 260
63 131
3 265
79 260
21 255
54 203
95 204
260 271
70 147
33 265
148 215
125 204
162 271
13 148
63 265
178 215
81 282
192 271
208 215
220 225
215 231
13 282
29 226
153 292
138 169
117 231
222 247
64 196
25 241
19 22
147 207
51 95
237 258
93 105
95 151
262 264
150 208
125 151
102 167
13 95
29 39
41 49
159 270
192 218
136 286
36 55
247 275
50 111
25 54
178 296
8 235
208 296
112 184
15 251
64 143
22 267
209 251
181 273
179 200
158 262
151 222
37 93
74 160
150 155
218 289
160 284
236 279
172 294
8 48
62 284
134 160
20 58
78 228
138 279
243 295
24 126
84 177
3 188
54 126
47 86
33 188
167 188
86 199
24 260
98 209
93 215
192 194
54 260
169 210
148 272
146 199
125 261
259 261
9 86
151 169
178 272
55 57
208 272
20 221
160 231
44 56
122 124
25 164
159 164
62 231
18 258
42 63
19 79
54 73
147 264
10 151
51 152
86 146
67 254
116 146
95 208
260 275
150 265
125 208
201 203
153 162
192 275
111 286
160 178
139 240
275 286
13 286
25 111
2 127
78 122
105 225
119 123
8 292
55 138
193 206
147 211
58 139
51 99
86 93
177 211
141 150
172 217
19 160
151 279
39 223
92 207
125 155
13 99
122 234
99 223
37 284
187 228
205 218
17 167
29 177
1 199
59 177
224 244
54 183
31 199
167 245
10 261
45 255
86 256
22 271
135 148
89 153
149 204
93 272
146 256
123 272
199 267
23 41
211 277
39 170
14 113
55 114
117 211
129 221
50 278
8 52
99 170
200 222
113 226
92 288
10 74
189 197
175 299
1 146
3 192
19 136
31 146
72 147
33 192
167 192
10 208
86 203
63 192
42 254
95 265
146 203
247 255
183 270
34 147
125 265
254 271
39 117
16 106
215 292
99 117
2 184
119 180
105 282
22 247
3 5
117 292
10 21
3 139
79 134
211 253
147 268
58 196
33 139
13 22
63 139
67 258
172 274
60 218
260 279
146 150
16 269
164 167
5 295
13 156
178 223
122 291
196 213
208 223
240 296
64 70
258 286
210 245
8 296
98 189
1 256
54 240
188 240
31 256
183 246
39 93
225 256
23 98
9 200
62 211
136 160
122 238
8 109
25 278
200 279
18 238
106 243
10 131
86 126
237 295
22 141
8 243
272 289
1 203
267 295
31 203
10 265
86 260
9 13
192 255
146 260
123 276
197 225
139 220
199 271
50 148
2 107
18 51
138 153
117 215
25 225
43 242
103 293
3 62
131 247
147 191
58 119
149 237
182 185
209 288
33 62
179 237
54 134
70 78
198 263
150 192
102 151
13 79
81 213
42 258
20 95
123 223
199 218
50 95
254 275
57 111
117 162
203 286
215 296
119 184
105 286
3 9
209 235
52 251
10 25
140 256
193 267
72 98
37 77
218 273
21 267
111 160
74 278
92 268
226 268
85 228
29 104
180 273
23 289
59 104
77 121
127 238
54 110
31 126
10 188
1 260
100 239
93 199
31 260
82 198
123 199
151 153
144 271
160 215
197 282
172 225
215 272
25 148
62 215
39 231
138 210
117 272
131 170
124 288
25 282
99 231
24 57
78 293
193 243
3 119
54 57
106 247
91 124
33 119
184 288
26 79
121 124
63 119
3 253
56 79
79 248
68 89
95 192
33 253
74 254
148 203
51 270
125 192
9 17
5 275
27 34
13 136
104 254
178 203
169 275
134 254
111 270
245 270
96 147
123 280
199 275
23 49
13 270
25 95
18 55
105 209
85 122
112 225
50 286
124 235
140 179
45 292
170 179
58 123
184 235
10 82
101 200
237 246
19 144
95 139
37 134
148 150
125 139
23 212
48 53
106 223
50 99
25 42
254 279
8 223
77 178
52 121
112 172
54 167
66 177
29 295
45 239
119 188
22 255
58 70
149 188
52 255
47 261
123 256
197 205
23 25
151 210
211 261
206 267
51 164
30 41
160 272
172 282
157 159
62 272
4 267
37 215
111 164
138 267
57 278
106 170
184 211
8 170
140 289
112 119
170 289
203 237
10 192
12 238
98 197
19 254
93 203
54 248
139 147
9 74
13 193
178 260
2 34
190 270
231 271
41 147
185 276
129 152
261 271
71 147
23 106
29 271
55 179
222 292
73 169
59 271
106 117
17 45
112 282
188 277
221 225
25 286
140 236
276 282
1 77
18 246
193 247
3 123
154 292
19 67
223 247
10 139
63 123
93 150
21 247
155 247
72 212
20 22
70 139
111 140
74 258
13 140
118 156
104 258
238 258
134 258
127 218
263 264
215 223
25 99
29 218
45 162
22 178
57 172
222 239
1 240
112 229
277 296
31 240
140 183
181 184
147 199
149 245
209 296
225 240
177 199
179 245
9 184
46 251
21 194
39 211
239 272
8 93
99 211
136 278
37 272
152 222
55 289
96 98
105 160
22 125
38 227
91 238
121 238
162 239
98 254
46 64
137 182
93 260
192 239
144 198
123 260
197 209
67 136
199 255
211 265
55 102
206 271
117 199
48 220
9 265
25 209
200 210
2 225
18 169
4 271
55 236
92 276
17 102
209 272
184 215
10 62
45 56
1 134
251 282
52 72
95 119
205 287
31 134
56 140
19 258
70 196
111 197
123 207
50 79
201 248
62 89
39 105
231 275
57 95
20 213
160 223
261 275
99 105
2 172
29 275
55 183
94 111
154 162
110 240
52 235
140 240
65 66
156 184
42 55
211 241
271 292
21 117
147 256
58 184
49 71
177 256
95 200
260 267
14 211
125 200
178 211
6 104
4 31
97 222
208 211
111 278
152 279
240 284
50 160
8 284
133 171
126 131
47 188
119 249
213 234
89 198
192 296
225 244
144 255
129 132
172 209
9 188
151 271
62 199
136 148
39 215
55 159
90 153
117 256
150 204
97 169
99 215
2 282
136 282
1 57
168 170
15 113
106 231
31 57
17 159
91 108
33 103
235 237
272 277
98 124
3 237
70 119
167 237
10 253
83 84
13 254
25 79
62 146
39 162
18 39
55 106
206 275
117 203
133 147
99 162
2 229
119 225
22 292
55 240
57 286
209 276
232 236
79 179
246 292
72 139
162 190
13 67
63 184
136 258
72 273
187 196
34 139
199 206
219 269
97 279
22 105
57 99
84 202
117 150
11 104
52 105
91 218
215 284
119 172
59 279
133 228
209 223
10 13
271 296
58 188
72 86
89 255
74 132
9 245
83 194
62 256
39 272
37 199
150 261
106 154
92 256
226 256
99 272
3 160
127 226
33 160
258 278
210 237
174 176
31 248
72 249
130 227
47 192
61 248
238 295
21 68
213 238
160 203
48 147
139 265
9 192
215 260
27 209
151 275
62 203
103 204
37 146
78 147
16 208
108 147
25 270
200 271
119 282
193 231
223 231
65 180
115 297
3 241
21 231
70 123
51 258
150 237
183 185
162 247
192 247
16 21
111 258
123 268
139 212
23 37
50 140
13 258
222 223
38 264
188 208
124 223
140 167
18 177
119 229
22 296
3 54
209 280
33 54
101 188
204 286
172 189
155 178
143 144
81 205
180 184
8 77
159 246
37 256
14 272
106 211
29 149
254 267
59 149
15 227
105 278
22 243
286 289
98 238
46 48
126 192
54 289
188 289
47 249
123 244
21 125
218 265
160 260
23 147
2 209
62 260
136 209
4 255
37 203
152 153
243 271
92 260
11 271
219 220
10 46
122 287
3 164
79 159
58 221
47 62
107 113
258 282
77 247
79 293
95 237
123 191
34 119
57 79
25 140
103 208
105 254
55 167
188 265
124 280
216 219
3 111
19 55
79 106
147 240
283 286
33 111
184 280
101 245
177 240
63 111
79 240
262 297
125 184
102 200
5 267
11 31
48 98
103 155
78 98
57 160
277 284
67 177
151 255
95 131
37 126
239 260
150 188
23 204
97 153
124 256
60 271
99 199
37 260
90 271
38 81
131 272
106 215
91 92
143 282
184 256
45 97
105 148
237 267
8 215
98 108
189 226
91 226
10 237
54 293
169 243
139 192
234 237
13 238
25 63
252 254
39 146
50 254
99 146
103 265
243 275
106 162
209 260
11 275
184 203
10 50
156 225
100 101
193 292
54 106
72 123
58 225
49 112
13 51
169 190
70 184
34 123
50 67
41 139
160 211
71 139
203 258
139 273
78 155
105 258
119 156
22 223
94 99
98 218
112 274
156 172
119 290
79 110
21 105
147 244
58 172
109 110
278 296
81 132
42 177
62 240
95 188
111 132
125 188
143 205
178 199
4 19
97 210
99 256
106 272
240 272
205 251
31 98
17 200
29 210
194 277
45 154
8 272
3 278
77 227
33 278
167 278
183 222
86 289
192 284
70 294
28 68
172 197
275 295
13 295
39 203
55 147
16 192
222 260
85 147
64 209
25 254
99 203
24 29
175 198
36 39
38 85
79 86
147 220
184 260
22 117
100 158
3 225
267 271
155 215
58 282
10 241
12 287
63 225
141 293
192 231
34 180
199 247
25 67
39 150
15 264
50 258
124 207
99 150
140 151
119 213
207 218
52 280
186 280
184 207
10 54
193 296
3 172
211 286
95 111
72 127
89 296
241 286
12 234
13 55
21 296
37 240
164 200
13 189
231 267
22 93
20 205
261 267
256 273
29 267
142 144
149 160
31 289
183 279
119 294
271 284
14 69
225 289
218 249
159 177
39 260
111 136
138 239
243 255
30 147
226 244
143 209
99 260
24 86
54 86
33 148
10 164
235 282
177 277
265 282
3 282
79 277
169 170
33 282
86 293
63 282
40 298
41 119
71 119
215 248
25 124
55 151
122 218
25 258
2 274
18 218
3 95
19 39
17 151
33 95
126 286
10 111
86 106
237 275
179 270
63 95
267 275
72 184
51 246
12 291
86 240
180 225
116 240
245 246
146 240
34 184
22 150
133 139
188 196
119 217
22 284
3 42
73 222
209 268
82 284
40 58
42 104
151 239
37 110
74 177
104 177
67 295
134 177
111 193
187 188
90 255
15 81
106 199
105 132
8 199
84 194
22 231
98 226
1 293
54 277
37 57
55 74
44 73
48 192
9 237
50 238
57 254
106 146
101 152
196 197
8 146
140 265
1 106
79 147
170 265
31 106
58 209
47 50
258 270
114 117
3 286
77 235
33 286
34 107
125 225
162 292
63 286
238 287
2 10
180 282
190 246
231 247
41 123
132 241
192 292
57 67
71 123
48 139
124 134
29 247
78 139
138 190
133 196
108 139
188 253
124 268
80 161
18 222
119 274
3 99
73 279
147 228
58 156
33 99
184 268
86 110
237 279
63 99
156 290
67 218
19 177
21 223
72 188
247 296
11 19
38 122
139 204
240 256
45 138
8 256
38 256
140 159
10 278
190 222
52 288
51 63
204 278
123 289
199 284
151 243
227 238
282 295
48 249
120 125
25 238
136 254
1 29
55 265
106 203
237 255
8 203
3 209
79 204
54 147
33 209
10 225
26 169
86 220
88 266
63 209
42 271
19 287
192 215
95 282
70 225
148 293
48 62
139 180
125 282
199 231
13 226
25 51
151 190
178 293
153 236
213 287
206 247
208 293
23 139
99 134
78 196
3 22
94 140
57 258
106 150
184 191
1 110
18 279
77 105
21 146
31 110
58 213
10 172
5 178
13 39
67 275
260 296
70 172
150 286
9 54
50 55
13 173
178 240
153 183
41 127
208 240
185 256
71 127
25 132
4 194
22 211
222 272
77 268
126 160
107 268
119 278
19 47
149 278
190 279
74 104
225 273
278 284
5 125
172 238
136 177
106 126
92 228
221 234
23 249
22 24
8 126
25 295
111 254
106 260
240 260
31 86
8 260
84 255
79 261
54 204
183 210
86 277
162 272
98 287
39 57
93 293
192 272
53 113
70 282
220 226
48 119
9 164
78 119
229 288
108 119
140 192
193 203
3 79
230 243
31 33
33 79
10 95
177 208
189 218
79 208
31 167
42 275
95 286
139 184
125 286
9 111
25 55
217 225
2 71
254 292
41 184
92 122
160 256
71 184
195 196
131 211
11 267
52 268
181 274
156 217
79 155
21 150
95 99
147 289
223 284
14 110
51 177
177 289
7 228
111 177
171 228
74 295
13 177
29 121
231 255
196 234
134 295
52 81
91 194
29 255
22 215
1 277
54 261
188 261
31 277
130 256
271 272
89 231
92 98
23 119
39 248
55 192
71 294
94 254
38 130
54 74
147 265
31 90
17 192
86 147
177 265
3 270
176 198
79 265
54 208
72 225
167 270
146 147
10 286
34 91
81 287
41 107
132 225
169 292
71 107
48 123
34 225
78 123
108 123
200 247
115 139
119 258
147 212
31 37
149 258
10 99
72 172
74 218
81 234
192 223
169 239
90 296
164 245
48 70
34 172
139 188
25 59
29 178
254 296
105 173
196 291
8 240
272 286
284 296
15 256
91 251
167 246
18 153
22 272
209 256
101 164
28 36
82 272
46 211
211 278
72 119
37 98
150 160
218 294
160 289
13 47
9 278
97 125
159 222
62 289
164 192
166 238
50 63
196 238
24 131
1 147
38 187
203 254
54 131
31 147
256 265
167 193
10 209
45 203
86 204
210 270
63 193
77 276
19 271
54 265
72 282
199 215
55 62
218 241
34 282
215 293
159 169
250 287
4 231
243 247
117 293
106 134
85 196
10 22
8 134
3 140
58 197
61 94
63 140
141 208
19 218
68 110
72 229
74 275
146 151
49 218
104 275
238 275
81 291
153 167
213 218
35 296
134 275
48 127
199 296
215 240
210 246
117 240
133 184
11 194
186 195
188 241
64 205
12 15
140 200
18 210
19 31
79 82
89 211
126 278
10 103
88 144
141 155
42 149
21 211
95 160
37 155
74 222
51 238
125 160
81 238
8 110
159 279
173 177
136 295
37 289
111 238
152 239
212 290
91 121
105 177
57 136
1 204
54 188
31 204
140 147
86 261
119 209
58 91
190 210
52 276
93 277
144 215
146 261
257 277
199 272
211 282
138 154
160 293
6 11
8 57
115 119
131 248
10 79
237 243
79 192
31 151
82 89
86 208
162 203
141 265
19 275
132 152
192 203
68 167
70 213
130 264
247 260
139 168
9 95
25 39
62 106
132 286
160 240
11 117
48 184
122 133
25 173
55 200
3 10
154 179
108 184
10 26
19 88
79 139
21 134
147 273
10 160
86 155
218 274
19 222
60 223
14 228
74 279
143 234
104 279
29 105
180 274
23 290
97 239
196 218
111 295
139 249
50 177
45 183
22 199
77 256
31 261
107 256
140 204
193 215
170 204
144 272
156 282
255 261
67 210
172 226
21 215
74 226
118 124
48 294
1 74
37 293
36 68
228 238
15 130
240 248
205 227
31 74
108 294
10 136
22 146
61 74
1 208
3 254
54 192
188 192
31 208
130 187
33 254
123 147
86 265
9 18
63 254
39 45
41 91
192 260
47 286
48 107
139 225
172 173
9 152
13 271
2 112
37 106
55 123
41 225
222 236
282 287
20 287
71 225
236 292
23 184
1 21
18 190
152 190
138 292
3 67
154 236
230 231
33 67
1 155
75 77
54 139
72 156
51 218
81 218
72 290
111 218
34 156
139 172
199 223
13 218
62 110
103 111
231 296
261 296
71 172
236 239
25 177
29 296
119 189
22 256
121 235
154 183
98 251
59 296
209 240
52 256
193 272
135 267
58 205
89 272
223 272
74 149
218 278
13 31
104 149
67 267
157 160
21 272
39 289
212 217
150 278
92 273
226 273
143 238
99 289
203 238
15 187
31 131
167 177
258 295
29 243
119 136
105 238
22 203
1 265
31 265
62 86
206 215
218 225
139 282
273 282
23 107
151 292
227 287
111 112
41 282
30 123
117 277
71 282
97 190
25 287
140 237
79 119
54 62
10 140
3 258
77 207
79 253
33 258
148 208
9 22
13 141
63 258
111 275
160 167
139 229
13 275
227 234
138 162
229 280
41 229
222 240
71 229
115 127
4 296
207 251
12 133
177 200
179 246
191 256
79 200
72 160
148 155
42 267
41 42
132 160
192 211
95 278
111 222
48 58
125 278
50 104
13 222
25 47
254 284
105 161
98 121
1 188
11 125
38 228
203 295
31 188
142 177
105 295
22 260
94 136
135 137
149 193
52 260
156 209
257 261
151 215
72 107
51 169
218 282
160 277
48 221
67 271
60 231
25 210
159 210
2 226
62 277
37 220
111 169
55 237
90 231
166 226
99 293
54 119
17 237
47 79
10 197
86 192
210 258
116 192
52 207
93 208
95 254
169 203
130 248
148 265
146 192
125 254
199 203
151 162
178 265
39 106
117 147
208 265
139 286
99 106
133 225
110 241
122 251
99 240
200 292
79 123
54 66
31 82
10 144
49 72
86 139
67 247
3 262
19 206
93 155
72 217
47 160
51 279
150 258
9 26
56 222
41 99
111 279
245 279
13 279
25 104
29 223
105 218
55 131
57 177
110 188
50 295
200 239
147 204
177 204
81 92
67 194
46 256
151 272
21 199
74 210
125 148
102 164
104 210
122 227
120 154
8 98
37 277
96 103
247 272
164 237
29 170
235 238
272 278
1 192
59 170
3 238
31 192
33 238
10 254
119 197
63 238
93 265
169 260
204 254
123 265
199 260
83 85
62 147
117 204
92 147
218 286
48 225
9 270
50 271
3 51
108 225
10 67
52 77
54 123
31 139
102 140
88 242
95 258
72 274
123 212
26 279
139 156
125 258
62 94
39 110
56 279
206 223
20 218
110 111
11 105
48 172
34 274
139 290
50 218
25 161
99 110
6 296
4 223
105 275
22 240
154 167
17 54
108 172
10 14
188 286
140 245
142 291
156 189
67 117
3 132
77 81
58 189
223 256
51 149
253 256
21 256
136 206
260 272
111 149
104 267
8 155
132 221
134 267
52 53
203 222
106 289
8 289
265 295
3 295
110 192
186 187
130 228
33 295
183 239
119 254
63 295
149 254
225 249
23 91
21 203
37 147
55 164
117 261
48 282
180 209
23 225
25 271
200 272
1 62
78 282
212 282
31 62
17 164
108 282
105 169
196 287
22 134
61 62
272 282
79 237
107 191
10 258
238 243
204 258
197 218
139 213
9 140
151 223
4 146
55 111
117 208
145 162
48 229
23 172
50 275
25 218
243 296
55 245
3 55
147 184
207 235
17 111
177 184
168 256
79 184
70 71
12 251
5 211
13 72
137 138
19 267
70 205
111 206
139 160
199 211
13 206
25 31
29 150
231 284
132 278
117 155
249 274
261 284
139 294
50 222
256 290
119 177
59 284
149 177
12 64
193 260
151 199
21 126
72 91
223 260
51 153
13 19
67 255
141 204
62 261
37 204
111 153
74 271
23 282
22 57
134 271
31 119
217 282
29 231
119 124
8 293
93 192
54 237
31 253
123 192
160 208
172 218
124 147
25 141
62 208
117 265
8 106
25 275
24 50
175 219
168 179
15 122
73 292
101 246
237 292
61 66
98 133
189 251
267 292
68 82
54 184
123 139
183 190
238 247
134 247
123 273
139 217
6 223
229 268
96 274
112 218
91 280
289 295
25 222
1 13
3 59
94 177
57 295
98 296
147 188
225 229
12 121
177 188
237 239
67 178
79 188
35 81
51 210
109 188
26 153
53 256
143 149
42 255
56 153
97 154
60 272
192 199
35 215
95 266
136 267
37 261
113 256
247 256
90 272
13 210
178 277
43 52
254 272
105 149
256 294
167 222
73 186
47 254
123 249
156 197
67 125
234 238
151 203
211 254
37 74
241 254
218 270
160 265
48 209
9 254
97 101
8 29
99 147
62 265
37 208
78 209
30 168
108 209
64 287
18 292
100 102
152 292
193 293
3 169
228 287
203 230
31 123
47 67
167 169
45 179
19 247
54 241
95 242
34 124
39 94
132 258
48 156
139 274
273 274
268 280
57 218
92 212
17 38
108 156
64 234
25 279
18 239
228 234
19 60
79 111
149 291
223 240
225 286
49 60
109 111
237 296
28 122
255 286
81 133
172 251
267 296
19 194
21 240
44 200
238 251
6 93
157 262
192 256
111 267
139 221
240 273
50 149
13 267
25 92
29 211
194 278
105 206
210 222
75 155
167 279
119 238
3 63
147 192
149 238
33 63
177 192
204 295
9 177
62 188
95 136
37 131
125 136
23 209
25 255
99 204
136 271
37 265
166 271
143 287
242 266
194 225
97 292
8 220
249 282
224 225
3 226
10 242
274 288
119 185
63 226
54 298
47 258
34 181
211 258
39 151
55 95
117 192
241 258
145 146
48 213
23 156
9 258
25 202
200 203
2 218
136 218
18 162
78 213
152 162
3 39
57 275
166 218
219 229
10 55
64 291
140 286
19 117
54 111
162 179
151 154
62 82
153 200
213 251
117 139
20 206
139 278
87 88
50 206
25 149
210 279
94 104
222 289
52 228
119 295
67 105
21 110
147 249
149 295
283 295
86 131
95 193
136 194
72 209
37 188
148 204
90 199
125 193
27 35
104 255
178 204
134 255
111 271
203 210
240 277
205 256
258 267
29 215
45 159
8 277
189 288
112 226
277 293
31 237
91 288
163 164
121 288
21 57
213 227
39 74
58 124
75 293
202 253
160 192
34 238
62 192
39 208
55 152
90 146
44 151
97 162
136 275
84 85
207 276
31 50
17 152
184 265
45 106
189 235
52 122
79 225
58 287
162 236
116 241
192 236
247 293
13 247
25 72
4 134
55 99
30 42
92 139
11 150
48 217
25 206
103 274
119 218
147 172
108 217
149 218
184 212
10 59
3 177
58 234
33 177
239 245
10 193
86 188
162 183
13 60
63 177
67 296
19 255
60 256
93 204
146 188
187 189
231 272
196 251
8 200
261 272
52 98
50 210
215 277
256 278
29 272
142 149
105 267
154 159
59 272
54 278
188 278
271 289
218 254
32 249
172 259
8 13
99 131
39 265
37 192
150 254
106 147
92 249
226 249
8 147
99 265
38 147
182 276
258 271
10 169
79 282
31 241
181 185
146 164
123 180
9 51
139 258
215 253
37 139
30 99
17 22
48 274
1 54
79 95
147 229
207 280
31 54
149 275
10 116
86 111
179 275
95 173
72 189
123 127
13 117
81 251
42 296
41 71
192 240
34 189
199 256
2 92
229 256
206 272
117 200
110 160
50 267
91 268
4 272
3 47
21 37
209 273
10 63
179 222
19 125
211 295
58 238
14 131
150 177
28 187
120 126
159 239
136 255
38 70
8 204
173 271
203 271
256 282
167 210
105 271
77 293
54 282
188 282
65 67
153 237
37 62
53 191
92 119
218 258
160 253
48 197
113 191
108 197
140 270
24 95
1 111
94 275
203 218
54 95
147 286
205 264
31 111
258 275
10 173
45 167
177 286
79 286
49 235
123 184
9 55
46 122
62 66
129 133
124 139
250 251
105 247
57 206
17 26
11 211
48 278
188 258
124 273
25 267
3 104
131 289
79 99
31 58
184 273
225 274
179 279
63 104
104 105
81 121
67 223
267 284
95 177
171 172
14 188
51 255
34 59
125 177
118 137
111 255
15 143
48 91
139 209
240 261
13 255
29 199
103 148
105 194
8 261
73 97
36 215
112 210
87 153
66 215
140 164
119 226
22 293
121 272
98 288
147 180
58 108
123 294
39 192
37 119
48 254
97 146
8 74
25 243
99 192
159 243
55 270
184 249
29 146
105 141
237 260
22 106
8 208
127 280
203 275
17 270
130 147
256 286
98 235
54 286
169 236
183 292
139 185
13 231
2 72
254 293
39 139
14 82
92 123
9 246
50 247
8 21
99 139
159 190
103 258
131 212
147 156
184 196
19 105
54 99
147 290
58 218
258 279
10 177
86 172
28 167
162 167
93 188
169 183
74 296
123 188
13 178
153 188
39 86
231 256
134 296
127 256
160 204
50 194
215 261
29 256
18 97
4 199
45 200
210 267
57 210
131 159
1 278
133 205
11 215
31 278
66 272
67 93
79 103
211 222
86 119
177 237
218 238
278 289
32 233
255 278
9 222
42 170
72 197
111 125
74 243
13 125
104 243
8 131
134 243
164 270
106 265
31 91
50 141
29 203
8 265
189 276
59 203
133 152
265 271
3 271
31 225
91 276
33 271
10 287
86 282
63 271
39 62
192 277
70 287
280 282
172 190
9 169
234 287
108 124
48 258
25 247
175 191
38 78
17 140
86 95
98 105
3 218
19 162
93 111
155 208
31 172
82 110
274 280
63 218
19 296
70 234
164 246
48 71
139 189
199 240
50 117
25 60
153 245
117 184
20 251
92 127
110 144
160 261
48 205
25 194
18 154
78 205
152 154
243 272
3 31
94 149
154 200
57 267
11 272
52 273
10 47
67 150
193 289
79 160
147 294
223 289
12 227
13 48
19 243
113 228
150 295
164 193
125 238
231 260
22 86
8 188
132 254
173 255
203 255
50 198
215 265
29 260
268 276
105 255
59 260
133 209
31 282
204 210
216 220
119 287
271 277
14 62
225 282
278 293
67 231
122 130
232 298
35 134
69 253
17 63
122 264
22 33
127 207
54 79
31 95
33 141
258 259
45 151
210 218
265 275
3 275
155 265
33 275
123 168
86 286
9 39
63 275
39 66
41 112
70 291
144 240
245 292
146 286
71 112
197 251
23 71
13 292
25 117
76 82
227 251
39 200
138 179
117 241
92 184
99 200
1 42
55 278
147 217
10 104
101 222
86 99
3 222
42 150
54 160
72 177
33 222
74 223
198 289
10 238
51 239
13 105
63 222
104 223
180 218
41 59
132 177
95 295
136 296
134 223
187 234
34 177
125 295
252 255
105 178
117 188
38 245
85 91
188 189
50 255
91 256
22 277
121 256
195 205
57 271
98 272
21 25
58 92
10 51
204 267
179 210
156 226
72 124
37 103
74 170
49 113
104 170
122 187
136 243
14 253
55 254
16 299
38 58
92 294
226 294
105 125
8 192
77 147
54 136
107 147
210 275
1 286
31 286
146 209
123 225
183 276
26 292
151 179
137 281
39 123
56 292
190 292
92 107
160 241
122 134
99 123
62 241
138 236
57 247
106 139
110 258
22 37
8 139
140 258
1 99
203 206
147 274
31 99
10 161
101 279
3 279
19 223
95 218
130 212
10 295
51 296
123 172
26 239
125 218
56 239
190 239
231 240
111 296
69 70
160 188
50 178
275 296
29 240
138 183
57 194
11 199
21 82
147 221
149 267
86 103
237 272
67 211
267 272
19 170
37 160
70 108
51 243
26 186
23 238
56 186
111 243
187 238
139 197
50 125
13 243
103 136
194 254
22 147
272 295
36 203
52 147
54 193
188 193
31 209
140 152
167 255
10 271
98 276
51 56
123 282
9 153
151 236
138 159
206 293
51 190
8 62
25 231
136 247
1 22
55 258
154 237
15 78
189 207
75 78
38 196
54 140
91 207
256 274
10 218
26 162
12 264
98 223
114 167
56 162
89 110
95 275
70 218
146 213
123 229
125 275
151 183
178 286
62 111
37 54
208 286
48 189
124 184
8 9
25 178
18 138
4 240
243 256
73 195
108 189
85 205
10 31
221 251
1 103
3 149
77 98
19 93
79 144
147 278
31 103
33 149
86 160
177 278
63 149
104 150
40 165
79 278
95 222
146 160
164 177
118 182
132 238
192 289
139 254
25 125
103 193
22 204
36 260
31 266
66 260
158 199
21 86
147 225
26 56
177 225
218 226
88 153
67 215
9 210
250 272
39 237
74 231
29 57
8 119
99 237
233 237
134 231
1 79
111 247
127 191
31 79
22 151
98 146
77 208
79 254
10 275
86 270
9 23
98 280
21 33
39 50
93 286
192 265
204 275
123 286
48 112
37 111
117 225
23 189
50 292
97 138
25 235
200 236
3 72
230 236
106 200
115 262
1 160
77 155
19 150
93 99
244 268
31 160
33 206
10 222
95 279
111 223
139 177
125 279
25 48
4 110
11 126
45 245
105 296
243 260
3 19
57 255
98 256
110 266
149 194
101 153
12 81
214 215
79 148
211 267
147 282
72 108
223 277
177 282
67 272
172 288
19 231
62 278
95 226
260 293
111 170
34 108
69 294
13 170
231 248
196 227
22 74
117 119
203 243
31 136
105 243
22 208
174 198
89 90
54 254
188 254
46 147
21 90
172 235
273 287
111 117
117 282
106 123
92 225
17 51
25 292
173 190
159 292
24 67
276 288
77 78
94 247
54 67
147 258
177 258
22 155
189 268
77 212
176 191
79 258
72 218
130 196
10 279
109 258
123 156
238 264
39 54
132 218
165 166
160 172
123 290
34 218
39 188
138 167
55 132
57 178
222 245
92 172
50 296
99 188
119 251
154 245
147 205
207 256
58 133
10 92
237 256
3 210
93 103
95 149
130 143
47 108
74 211
239 278
150 206
63 210
269 278
81 227
37 278
25 52
55 79
57 125
50 243
167 239
103 254
22 265
98 260
209 249
12 85
211 271
21 147
39 164
72 112
37 91
241 271
218 287
99 164
136 231
37 225
243 293
92 282
226 282
57 72
203 247
15 196
256 258
98 207
52 212
54 258
123 213
199 208
151 167
211 218
62 95
213 264
39 111
74 105
44 54
215 286
25 162
99 111
159 162
136 178
39 245
117 286
17 55
11 240
122 256
22 25
25 296
140 246
10 149
49 77
265 267
3 267
19 211
93 160
95 206
33 267
123 160
86 278
125 206
102 222
13 150
146 278
139 238
199 289
275 284
13 284
105 223
186 188
124 249
140 193
18 203
193 204
147 209
207 260
126 271
51 97
68 266
67 199
141 148
155 204
58 271
37 148
262 266
51 231
34 35
102 169
6 57
8 103
2 288
37 282
111 231
247 277
106 237
219 299
217 226
105 170
8 237
128 130
195 197
63 243
169 265
47 275
146 254
156 218
67 146
211 275
153 270
37 95
14 111
160 286
9 275
124 225
62 286
1 10
55 246
57 292
90 240
184 225
10 72
101 190
105 117
77 139
31 144
17 246
107 139
167 190
10 206
65 263
63 190
141 258
77 273
204 206
107 273
123 217
102 279
2 48
62 99
37 42
55 59
57 105
50 223
124 172
215 290
106 131
133 234
58 60
126 194
10 19
79 132
223 261
51 154
26 97
86 148
172 272
56 97
19 215
21 261
72 226
171 205
74 272
32 46
150 267
164 165
29 98
153 164
231 232
8 160
134 272
48 124
50 170
27 186
119 125
210 243
22 192
1 254
54 238
31 254
66 248
82 192
193 208
21 74
126 275
53 147
113 147
92 209
48 287
81 235
97 179
124 282
1 67
37 286
78 287
152 236
15 123
240 241
31 67
17 169
184 282
235 247
22 139
3 247
267 293
52 139
33 247
86 258
61 201
98 268
192 253
146 258
123 274
139 218
25 89
37 99
138 151
41 218
30 59
92 156
71 218
236 285
23 177
9 279
289 296
8 54
25 223
18 183
78 234
152 183
15 70
92 290
106 188
133 291
147 189
182 183
184 229
12 122
237 240
156 251
1 148
3 194
244 256
58 251
10 210
26 154
12 256
162 200
56 154
19 272
132 149
192 200
111 211
123 221
164 222
125 267
50 93
13 211
178 278
2 52
231 289
55 63
117 160
256 295
25 170
29 289
105 284
57 243
131 192
59 289
133 238
52 249
10 23
101 141
188 295
140 254
67 126
193 265
79 136
170 254
211 255
264 266
241 255
177 270
218 271
88 198
172 276
42 203
97 102
248 271
159 199
136 215
37 209
51 292
164 169
150 271
23 287
97 236
231 236
22 62
111 292
187 287
112 113
203 231
105 231
1 258
54 242
31 258
62 79
39 95
225 258
255 258
25 146
106 111
97 183
8 111
3 117
33 117
109 112
189 256
70 133
10 267
34 72
39 42
11 37
123 278
164 279
215 217
25 93
62 160
48 238
140 177
103 295
78 238
170 177
58 121
177 193
179 239
79 193
21 188
130 131
74 199
150 194
42 260
97 159
192 204
95 271
136 272
134 199
111 215
48 51
125 271
13 215
254 277
22 119
224 226
52 119
50 231
45 237
128 248
144 192
204 243
197 203
19 89
46 192
37 79
51 162
218 275
145 147
172 280
25 203
111 162
150 275
29 106
120 224
99 286
59 106
191 225
77 123
15 184
107 123
258 292
68 144
32 83
125 247
46 139
178 258
39 99
208 258
218 222
9 206
55 177
92 217
133 218
25 284
24 59
216 229
276 280
205 228
17 177
149 296
184 290
63 121
67 240
3 255
19 199
93 148
33 255
51 272
13 138
63 255
238 256
41 92
192 261
111 272
48 108
139 226
199 277
240 278
13 272
2 113
270 278
8 278
222 237
282 288
188 222
91 289
163 165
230 232
147 197
89 192
149 243
209 294
225 238
10 84
12 130
81 85
19 146
60 147
46 249
74 203
239 270
125 141
104 203
269 270
247 265
106 225
17 153
85 287
4 106
22 123
8 225
57 117
3 231
52 123
203 292
54 169
33 231
167 231
10 247
58 72
93 258
204 247
179 190
123 258
197 207
257 258
46 196
153 258
218 279
48 218
103 275
136 223
18 167
78 218
92 274
108 218
85 234
184 213
10 60
40 60
191 229
3 178
52 70
33 178
107 127
258 296
10 194
63 178
56 138
19 256
132 133
169 200
49 256
34 133
151 159
213 256
215 278
117 278
106 119
209 217
24 63
3 125
94 243
170 238
54 63
147 254
33 125
74 126
12 187
177 254
218 255
255 295
19 203
20 24
74 260
104 260
178 209
238 260
29 86
23 271
8 148
185 225
203 215
106 282
240 282
215 225
45 164
105 215
210 231
8 282
31 242
119 247
46 119
21 62
149 247
172 207
227 264
92 197
29 33
23 218
97 167
8 95
2 280
115 157
154 270
182 224
217 218
10 117
45 111
173 296
272 275
77 184
52 127
203 296
33 235
107 184
135 138
192 241
70 251
234 251
25 77
62 144
39 160
55 104
57 150
160 278
8 42
99 160
243 289
55 238
57 284
147 177
209 274
184 217
79 177
10 198
95 255
111 199
123 209
164 210
125 255
199 204
13 199
254 261
173 272
117 148
185 282
38 205
203 272
139 287
64 113
50 215
215 282
105 272
154 164
57 231
110 242
149 170
209 221
112 288
10 11
140 242
211 243
37 63
9 243
62 254
136 203
92 254
13 146
22 50
106 286
240 286
182 281
22 184
8 286
3 292
52 184
33 292
167 292
123 185
183 236
9 56
62 67
53 139
172 211
9 190
25 134
14 160
113 139
117 258
29 37
122 228
124 274
8 99
140 218
55 295
147 234
31 59
184 274
24 177
63 105
189 244
54 177
95 178
31 193
10 255
51 256
123 132
125 178
162 245
238 240
81 256
16 19
134 240
47 271
11 25
48 92
199 261
13 256
103 149
194 267
277 278
48 226
50 272
25 215
94 170
209 278
11 293
126 243
184 221
232 238
51 203
102 141
5 208
136 260
37 254
111 203
127 147
242 255
13 203
29 147
4 90
8 209
110 112
256 287
210 292
209 225
211 247
39 140
37 67
92 124
160 258
172 268
8 22
99 140
62 258
111 150
55 218
15 38
85 218
29 94
221 264
22 54
173 223
175 269
59 94
152 285
251 264
203 223
31 116
10 178
210 239
22 188
265 296
3 296
19 240
72 251
295 296
33 296
123 189
7 14
63 296
220 256
23 92
103 206
138 200
57 211
131 160
222 278
112 268
64 227
25 272
147 238
31 63
10 125
49 53
177 238
237 289
61 63
3 243
93 136
79 238
171 177
33 243
51 260
109 238
86 254
178 193
4 13
111 260
71 80
13 260
29 204
18 45
105 199
210 215
73 102
140 169
167 272
18 179
158 159
21 46
114 237
133 287
147 185
149 231
209 282
126 247
51 73
68 242
53 119
172 191
19 134
113 119
28 196
13 73
97 151
8 79
37 258
194 218
105 146
196 264
22 111
36 167
38 213
31 173
17 275
10 235
210 296
98 240
149 178
192 225
70 235
125 292
199 241
234 235
97 98
39 278
106 160
10 48
99 278
140 279
40 48
19 110
52 58
79 161
147 295
205 273
17 222
72 121
258 284
12 228
86 177
177 295
93 193
79 295
171 234
146 177
123 193
150 296
27 81
231 261
11 86
139 271
50 199
105 256
55 169
57 215
131 164
188 267
18 236
3 113
19 57
165 232
26 73
177 242
81 130
60 192
21 237
39 254
49 191
90 192
150 243
226 238
81 264
29 74
99 254
59 74
106 270
50 146
91 147
29 208
194 275
235 276
105 203
121 147
77 225
277 286
107 225
10 292
119 235
21 50
114 241
190 236
144 241
158 297
232 246
23 72
113 123
60 273
2 268
55 279
242 263
10 105
43 53
1 177
3 223
77 172
19 167
79 218
31 177
17 279
33 223
107 172
109 218
26 183
63 223
56 183
54 295
95 296
169 245
47 255
247 286
125 296
13 240
252 256
18 25
25 199
103 267
18 159
119 211
3 36
57 272
149 211
11 277
10 52
3 170
77 119
21 160
58 227
107 119
63 170
67 289
81 187
95 243
169 192
72 259
37 238
123 197
125 243
178 254
29 131
105 126
231 265
206 208
117 136
208 254
203 260
50 203
256 271
29 265
105 260
77 282
52 225
54 271
188 271
31 287
204 215
107 282
211 231
89 241
223 241
225 287
218 247
179 292
21 241
62 242
39 258
138 237
150 247
13 134
4 21
99 258
77 95
228 264
52 172
79 275
54 218
188 218
130 213
107 229
10 296
26 240
21 54
192 286
53 127
204 296
69 71
197 256
34 235
139 251
27 195
227 256
78 133
113 127
92 189
25 256
131 278
147 222
31 47
91 98
33 93
177 222
10 243
86 238
34 48
13 110
46 58
141 295
42 289
93 254
37 295
123 254
164 255
50 126
252 260
62 136
194 255
206 265
117 193
50 260
124 209
140 153
119 215
22 282
52 282
184 209
204 272
46 221
150 170
67 293
95 247
143 264
84 192
87 89
256 275
167 203
94 105
73 167
112 280
54 275
188 275
67 106
9 101
151 184
271 286
21 111
51 138
92 112
218 251
122 139
172 256
8 10
159 179
113 184
110 263
173 211
1 104
203 211
106 278
177 279
63 150
1 238
3 284
93 177
54 222
95 223
31 238
33 284
181 182
123 177
86 295
125 223
102 239
13 167
213 228
160 193
146 295
139 255
64 81
25 126
62 193
4 188
55 153
57 199
110 210
112 256
48 271
25 260
140 210
119 272
147 226
51 114
177 226
156 288
191 282
267 277
123 124
102 186
162 237
269 299
97 192
192 237
240 254
29 192
103 141
8 254
57 146
98 147
45 270
22 286
156 235
42 106
60 123
46 225
95 117
239 246
122 196
9 292
8 67
159 236
131 258
29 139
161 258
105 134
22 99
189 212
77 156
31 161
47 105
10 223
86 218
162 213
1 295
77 290
54 279
293 295
31 295
204 223
146 218
123 234
151 188
39 132
122 143
9 239
50 240
124 189
99 132
159 183
136 199
138 245
55 210
57 256
133 251
147 149
11 261
184 189
101 154
221 256
140 267
251 256
79 149
31 108
17 210
223 278
258 272
21 278
130 221
74 289
104 289
62 63
39 79
132 243
215 254
25 130
4 192
210 260
57 203
117 254
222 270
52 209
188 255
31 271
119 276
67 86
211 215
223 225
225 271
218 231
278 282
255 271
46 282
39 242
150 231
92 226
118 134
4 5
25 293
106 258
240 258
8 258
84 253
52 156
31 218
86 275
119 223
39 55
52 290
47 296
160 173
146 275
197 240
199 286
9 162
151 245
211 296
287 291
16 178
150 178
241 296
85 133
9 296
25 240
2 256
136 256
1 31
18 200
78 251
152 200
154 246
166 256
108 251
10 93
196 256
22 103
24 149
79 206
93 104
54 149
58 268
63 211
19 289
41 48
70 227
148 295
146 222
123 238
125 284
201 279
151 192
178 295
39 136
57 126
117 177
208 295
160 254
122 147
99 136
243 265
3 24
58 81
110 271
140 271
82 266
42 86
170 271
147 287
72 113
223 282
101 292
241 272
218 288
162 164
67 277
95 231
125 231
50 57
27 73
29 119
4 62
231 253
22 79
215 258
1 275
31 275
119 280
21 95
37 39
74 106
218 235
278 286
104 106
81 122
122 123
171 173
55 190
97 200
31 88
17 190
91 139
10 150
235 268
22 160
24 206
77 217
54 206
155 258
10 284
39 59
93 295
160 177
23 64
25 110
62 177
227 244
39 193
131 132
108 121
11 188
186 189
48 255
140 194
200 245
119 256
55 271
147 210
149 256
126 272
12 143
177 210
3 215
79 210
58 272
33 215
10 231
109 210
125 154
88 272
13 98
41 52
169 237
187 227
247 278
25 57
103 125
8 238
38 238
91 249
18 151
22 270
121 249
58 85
149 203
209 254
184 197
101 162
140 275
181 276
170 275
246 270
223 286
264 287
51 179
53 225
21 286
113 225
164 190
59 123
77 274
149 150
52 217
128 212
31 279
70 207
47 223
123 218
211 223
21 99
190 285
34 280
172 244
9 223
60 188
25 167
159 167
37 177
55 194
113 172
57 240
106 132
92 234
85 194
64 256
173 199
228 256
86 149
177 267
141 206
265 272
3 272
79 267
95 211
130 205
33 272
32 47
125 211
63 272
238 273
39 63
192 278
111 289
185 238
240 295
215 238
13 289
76 79
8 295
41 243
222 254
110 198
11 192
1 39
119 260
94 203
79 80
31 39
149 260
74 86
184 254
51 102
12 147
156 276
67 204
51 236
150 215
53 282
13 102
95 292
136 293
113 282
247 282
48 72
194 247
112 191
45 258
21 22
52 274
93 275
126 223
70 264
42 94
234 264
46 213
95 105
206 286
51 183
53 229
218 296
104 167
48 235
122 184
2 240
136 240
113 229
108 235
182 184
85 251
1 149
203 256
15 205
31 149
10 211
86 206
100 262
176 257
54 267
49 273
123 222
139 166
46 160
2 53
153 222
71 166
215 295
18 131
117 295
106 136
110 255
10 24
12 70
77 91
94 260
19 86
147 271
89 266
258 260
51 159
26 102
177 271
13 25
56 102
79 271
260 282
150 272
125 215
153 169
97 237
231 237
41 113
192 282
11 62
71 113
139 247
275 293
13 293
217 288
222 258
52 197
188 243
12 17
67 74
21 79
147 218
177 218
218 219
156 280
67 208
232 275
9 203
285 286
16 219
13 106
118 122
29 50
23 235
20 122
111 240
127 184
31 72
91 123
217 235
121 123
272 292
98 139
1 206
79 247
68 88
31 206
47 150
82 144
22 278
98 273
192 258
47 284
48 105
34 207
23 48
25 94
211 284
153 279
227 228
39 177
37 104
117 218
160 295
6 13
83 233
124 234
99 177
62 295
115 121
1 19
55 255
106 193
237 245
3 199
52 91
79 194
58 256
70 81
33 199
198 266
10 215
26 159
63 199
137 148
141 267
56 159
19 277
95 272
72 288
47 231
32 108
123 226
48 52
139 170
125 272
9 97
254 278
92 108
224 227
110 125
236 237
34 288
64 130
2 191
105 289
22 254
98 249
209 238
52 254
3 146
42 74
19 90
79 141
211 260
21 136
33 146
74 147
177 275
218 276
67 265
260 286
72 235
166 220
231 241
22 67
8 169
91 180
258 293
174 191
126 150
54 247
188 247
19 37
202 279
218 223
160 218
62 218
117 275
150 223
92 218
48 296
29 54
233 234
10 138
235 256
22 148
121 127
272 296
24 194
98 143
1 210
3 256
19 200
54 194
72 211
33 256
10 272
123 149
183 200
86 267
34 77
169 278
199 278
23 52
9 154
50 155
25 98
151 237
252 289
4 160
117 222
64 187
163 166
8 63
175 176
119 244
131 254
207 249
126 260
184 238
67 188
3 203
19 147
70 85
33 203
49 147
150 199
13 86
63 203
269 271
37 271
96 97
199 225
102 292
194 231
254 282
249 288
52 124
203 293
66 180
103 247
4 241
119 191
105 293
22 258
12 78
156 207
257 259
19 94
58 207
51 167
218 280
13 33
8 39
62 275
37 218
111 167
138 270
29 111
4 54
97 245
105 106
8 173
173 240
59 111
52 71
203 240
54 117
91 184
167 179
105 240
210 256
121 184
1 267
93 206
126 154
31 267
72 268
47 211
151 160
62 88
39 104
