heur043_n_300_m_12914
53 160
83 160
39 238
154 161
131 177
222 295
106 120
92 222
85 182
122 249
161 177
124 295
163 223
84 115
276 285
18 249
154 295
54 64
147 255
58 183
91 131
182 249
184 295
86 137
42 188
19 204
93 153
95 199
109 255
13 143
238 261
160 169
146 271
263 267
139 231
199 282
103 170
194 288
6 237
138 164
57 175
282 293
73 119
71 231
91 294
124 242
3 73
147 202
177 202
155 197
58 264
37 141
53 270
129 265
44 157
180 203
6 50
83 270
41 44
37 275
36 50
139 178
50 106
242 276
27 122
29 168
6 184
45 112
249 292
59 168
36 184
15 246
54 174
66 184
119 195
98 257
68 206
53 83
158 257
23 32
60 99
153 263
206 274
160 279
13 37
48 223
23 166
124 218
8 43
1 3
39 295
138 274
154 218
106 177
17 105
184 218
8 177
99 295
191 234
91 188
47 81
33 183
167 183
109 178
121 188
40 199
19 261
68 153
54 255
148 267
199 205
178 267
57 98
160 226
34 272
139 288
87 98
273 288
6 294
18 119
105 273
131 181
36 294
11 237
71 288
66 294
24 68
1 84
42 58
168 197
54 68
147 259
223 254
10 146
177 259
61 84
67 249
42 192
19 208
93 157
155 254
49 208
109 259
34 85
143 220
13 147
118 163
178 214
153 157
41 101
208 214
59 91
164 292
203 220
25 106
18 66
45 169
98 180
188 231
167 293
158 180
137 242
147 206
58 134
53 140
144 258
39 218
53 274
92 202
269 279
6 54
23 223
83 274
157 223
99 218
36 54
154 275
184 275
45 116
105 167
24 178
84 229
249 296
3 240
38 234
54 178
183 184
121 245
98 261
53 87
146 251
257 267
158 261
83 87
153 267
37 92
55 109
41 211
16 154
92 149
85 109
145 160
9 272
106 181
147 182
33 53
177 182
19 131
244 249
155 177
246 295
10 203
109 182
56 147
42 249
19 265
139 158
13 204
118 220
178 271
153 214
59 148
261 282
71 158
124 169
103 231
22 242
154 169
98 237
73 180
59 282
133 231
126 191
128 237
188 288
82 242
158 237
3 134
147 263
223 258
53 197
177 263
44 84
83 197
136 208
39 275
37 202
148 218
92 259
104 269
178 218
180 264
6 111
84 152
134 269
1 117
205 270
50 167
91 168
66 111
61 117
84 286
68 133
128 184
107 246
109 292
137 246
68 267
160 206
220 257
67 200
60 160
92 206
120 160
6 58
84 99
36 58
168 177
106 238
91 115
184 279
45 120
22 136
191 295
19 188
54 182
155 234
167 244
178 194
53 91
50 143
83 91
103 154
153 271
39 169
138 148
206 282
16 158
92 153
133 154
145 164
48 231
122 180
124 226
103 288
78 231
3 57
154 226
131 242
207 237
184 226
101 191
128 294
161 242
292 294
155 181
109 186
148 275
178 275
219 276
120 270
6 168
105 147
231 286
57 106
84 209
249 276
38 214
203 281
87 106
167 220
43 184
105 281
22 246
73 184
54 292
53 67
82 246
19 82
60 83
53 201
160 263
5 160
67 257
83 201
8 27
39 279
37 206
55 223
92 263
145 274
99 279
24 105
84 156
175 274
191 218
168 234
15 177
106 295
54 105
205 274
17 223
86 178
119 126
98 188
116 178
19 245
68 137
47 199
158 188
39 92
41 138
165 204
68 271
53 148
69 92
9 199
83 148
124 149
103 211
39 226
16 215
131 165
117 267
48 288
122 237
66 278
2 293
84 103
1 68
18 237
19 58
73 294
207 294
182 237
223 238
237 294
61 68
267 294
19 192
68 84
155 238
51 265
86 259
28 254
5 270
13 131
238 249
169 270
134 249
111 265
36 91
146 259
11 34
164 276
199 270
50 147
27 163
66 91
105 204
270 271
22 169
133 158
11 168
91 282
18 184
121 282
165 180
177 190
67 180
19 139
60 140
46 242
35 83
39 202
150 191
120 140
180 191
60 274
8 84
134 196
37 263
30 223
106 218
242 264
120 274
194 223
54 162
45 234
98 245
54 296
53 71
197 200
199 246
153 251
92 133
160 267
44 92
122 160
23 154
124 206
27 273
113 205
92 267
11 278
184 206
10 53
122 294
23 288
24 109
84 160
18 294
40 53
152 294
168 238
147 300
155 161
205 278
246 279
182 294
223 295
167 171
86 182
116 182
19 249
68 141
155 295
148 255
183 249
13 188
178 255
213 249
208 255
220 265
48 158
27 220
6 282
78 158
41 276
73 164
36 282
71 276
101 118
64 236
66 282
193 242
170 231
58 175
109 113
237 298
42 180
95 191
143 208
5 274
178 202
180 248
56 212
157 264
106 275
139 223
91 152
103 162
18 54
105 208
270 275
57 167
84 270
265 281
110 178
87 167
128 168
140 178
167 281
119 240
158 168
40 297
149 240
68 251
53 128
197 257
81 82
67 184
83 128
41 252
53 262
92 190
6 42
157 211
60 278
25 257
175 201
37 267
154 263
15 104
91 99
105 155
59 160
191 279
168 295
267 274
86 239
61 182
137 177
48 81
60 91
41 199
92 137
145 148
99 153
18 164
106 169
147 170
85 231
101 175
42 103
168 242
54 113
58 232
10 191
109 170
13 58
40 191
67 294
81 192
42 237
35 197
148 259
164 203
153 202
6 152
56 269
231 270
206 213
20 208
71 146
50 208
105 265
154 157
73 168
59 270
54 276
19 66
147 251
49 66
81 139
42 184
83 185
37 190
14 206
74 257
113 185
92 247
143 212
13 139
44 206
81 273
122 274
99 263
84 140
36 99
106 279
91 156
182 274
66 99
43 115
270 279
22 177
24 223
84 274
3 285
188 223
181 183
82 177
45 295
160 194
197 261
23 81
60 148
37 137
55 154
44 153
120 148
124 267
8 92
212 272
154 267
30 231
106 226
33 98
184 267
86 109
237 278
214 294
189 237
267 278
54 170
51 249
274 294
137 181
42 294
139 203
23 28
153 259
41 203
206 270
57 147
92 141
110 158
160 275
71 203
50 265
25 208
66 209
140 158
200 209
18 168
4 270
78 219
154 214
147 174
128 282
202 231
181 293
67 164
42 107
211 293
95 118
109 174
129 237
6 22
83 242
95 252
148 263
187 191
143 269
242 248
6 156
231 274
84 197
117 145
261 274
38 202
167 208
103 223
22 234
59 274
149 167
68 178
53 55
181 240
42 54
37 60
60 205
39 267
138 246
30 154
92 251
120 205
99 267
115 211
1 109
251 257
168 222
54 93
205 262
91 160
109 150
61 109
155 279
82 181
190 249
231 250
41 126
208 239
53 136
220 249
197 265
124 137
103 199
136 147
227 265
55 158
16 203
131 153
85 158
124 271
84 91
115 158
168 169
154 271
19 46
73 282
17 158
223 226
10 118
177 231
237 282
5 124
40 118
42 164
267 282
19 180
155 226
58 293
262 288
34 57
41 73
192 242
134 237
71 73
6 213
18 38
22 157
55 105
85 105
188 203
64 167
91 270
142 208
195 219
98 286
147 178
177 178
204 281
257 292
158 286
39 190
74 184
53 246
44 133
99 190
35 205
164 211
242 252
6 160
98 99
84 201
168 279
112 155
203 273
244 274
54 150
167 212
86 223
22 238
98 233
68 182
53 59
181 244
34 167
39 137
55 81
41 183
117 178
160 255
71 183
48 199
124 194
99 137
2 204
154 194
30 158
92 255
108 199
184 194
10 41
122 282
196 204
99 271
84 148
18 282
40 41
152 282
168 226
246 267
91 164
182 282
10 175
177 288
24 231
56 119
19 237
47 191
74 294
183 237
50 58
63 293
104 294
118 192
238 294
213 237
69 84
160 202
48 146
124 141
66 136
6 270
119 147
105 249
131 157
73 152
133 203
101 106
124 275
19 50
83 169
19 184
93 133
35 128
37 174
148 190
226 231
118 139
178 190
91 140
118 273
66 83
45 145
24 207
57 155
1 223
133 150
91 274
22 295
53 116
83 116
30 81
16 183
53 250
92 178
180 183
6 30
23 199
124 251
136 261
18 205
152 205
182 205
184 251
10 98
237 262
24 154
191 267
93 109
58 273
91 221
109 211
274 278
86 227
24 288
89 124
281 294
19 294
27 131
39 141
117 182
208 300
110 142
160 259
48 203
64 147
8 23
99 141
15 39
106 157
58 86
184 198
10 45
87 265
64 281
140 276
42 91
246 271
58 220
86 174
177 292
67 282
81 180
141 231
60 242
37 231
13 180
120 242
153 190
180 293
6 140
56 257
8 186
41 134
59 124
50 196
6 274
18 99
45 202
22 218
121 197
57 212
73 156
110 223
126 167
54 264
156 167
158 213
19 54
37 44
223 234
68 296
88 167
129 168
7 178
67 229
141 178
136 184
39 251
143 200
145 246
99 251
84 128
106 267
205 246
24 211
84 262
40 155
59 205
73 103
3 273
38 267
68 109
54 211
128 160
91 278
167 273
158 160
238 274
16 53
53 120
160 182
197 249
83 120
27 188
2 131
62 182
138 177
229 295
41 244
92 182
124 255
2 265
154 255
182 209
184 255
24 158
141 154
168 287
244 282
155 210
47 118
274 282
86 231
81 237
141 288
42 282
41 57
169 242
47 252
139 191
199 242
13 237
124 202
140 146
45 259
22 275
154 202
133 264
174 265
149 208
184 202
128 270
158 270
42 95
147 296
155 157
246 275
13 50
6 10
60 246
134 168
148 251
106 190
50 66
27 82
120 246
231 262
249 252
261 262
38 190
203 257
15 206
64 98
91 201
105 257
73 160
183 274
67 99
151 177
213 274
37 48
206 234
53 177
92 105
34 285
81 131
83 177
37 182
113 177
106 137
143 204
6 91
64 261
99 255
24 81
191 194
168 210
38 137
203 204
15 153
147 272
91 148
223 267
109 138
177 272
1 231
42 205
54 215
155 267
86 288
34 98
61 231
178 227
39 68
116 288
190 237
231 238
35 299
53 124
144 242
245 294
220 237
275 294
27 192
13 294
270 300
41 248
85 146
71 248
124 259
140 203
119 265
154 259
19 34
73 270
149 265
184 259
10 106
177 219
141 158
191 275
267 270
19 168
58 281
148 174
180 220
35 246
164 252
242 293
27 139
6 201
105 180
22 145
98 140
73 83
224 252
188 191
50 257
91 258
22 279
98 274
202 223
28 43
197 229
158 274
42 99
16 167
150 167
53 234
81 188
30 199
164 199
182 189
22 92
1 154
191 251
36 148
127 266
168 267
38 194
112 143
54 138
91 205
66 148
167 200
82 92
22 226
121 205
1 288
42 262
19 278
67 103
190 294
231 295
14 68
41 171
53 181
220 294
261 295
44 68
83 181
250 294
39 259
55 203
113 181
57 249
106 141
133 244
85 203
122 270
101 147
64 265
84 136
115 203
18 270
193 271
3 147
19 91
54 85
147 276
246 255
58 204
182 270
33 147
86 158
177 276
42 209
116 158
74 282
148 231
146 158
109 276
86 292
44 231
118 180
178 231
238 282
153 174
6 124
157 293
16 61
208 231
160 190
50 180
103 191
105 237
59 242
163 191
115 150
3 94
73 274
53 157
83 157
95 167
136 168
14 178
148 178
44 178
6 71
152 246
106 251
66 71
6 205
105 184
22 149
121 128
98 144
84 246
36 205
68 93
91 262
33 257
66 205
107 206
167 257
45 267
98 278
137 206
158 278
135 294
37 109
165 294
206 295
53 238
145 177
83 238
99 182
136 249
212 244
154 239
242 244
105 131
1 158
155 194
58 261
167 204
61 158
63 204
137 153
281 282
19 282
93 231
192 210
68 174
148 288
183 282
139 175
213 282
206 242
57 119
92 113
48 191
122 140
50 237
105 294
138 242
184 186
140 264
191 202
168 218
35 39
54 89
246 259
58 208
223 275
109 146
40 167
42 213
19 229
93 178
39 292
111 168
13 168
23 297
231 246
41 122
57 66
71 122
91 185
66 128
45 190
22 206
98 201
126 155
68 150
82 206
119 273
158 201
137 263
149 273
190 274
74 99
220 274
56 58
60 177
53 295
143 188
118 131
120 177
83 295
157 244
8 121
1 81
205 234
10 143
45 137
98 148
73 91
93 154
54 199
128 148
167 261
82 153
183 205
153 154
93 288
68 231
146 272
197 237
257 288
60 124
151 242
252 294
153 288
138 165
92 170
120 124
23 191
50 294
38 68
106 202
147 203
182 197
24 146
191 259
42 136
168 275
244 270
148 158
109 203
137 157
157 220
148 292
146 219
178 292
2 66
103 118
6 185
236 246
91 242
103 252
147 150
58 78
126 212
184 190
163 252
19 99
58 212
37 89
223 279
53 218
141 223
83 218
157 167
35 177
171 223
38 44
50 54
201 223
118 188
99 296
54 122
10 200
73 148
89 92
68 154
56 278
190 278
68 288
92 93
69 109
71 155
197 294
60 181
99 109
227 294
111 119
17 53
11 238
200 295
84 120
106 259
54 69
205 238
10 147
109 126
24 203
63 131
40 147
3 265
19 209
93 158
68 101
54 203
123 158
86 276
34 86
153 158
39 56
160 174
146 276
164 293
48 118
215 231
27 180
153 292
6 242
92 174
36 242
112 237
66 242
19 22
170 191
177 207
81 95
141 146
155 202
53 275
120 157
180 208
6 55
83 275
103 122
105 168
208 296
91 246
22 267
98 262
73 205
174 257
68 211
53 88
204 257
158 262
234 257
95 98
37 93
206 279
150 155
92 150
44 109
122 177
134 160
6 136
105 115
84 177
3 188
203 249
54 126
205 295
167 188
109 183
98 209
116 199
68 158
34 143
67 91
153 215
190 282
117 154
53 169
160 231
220 282
122 124
23 118
99 113
55 191
41 293
57 237
145 242
87 237
84 124
276 294
168 202
54 73
147 264
223 259
86 146
177 264
5 157
141 203
116 146
109 264
102 224
201 203
238 270
81 286
39 60
157 281
134 270
36 112
160 178
71 106
263 276
64 66
50 168
270 292
22 190
57 184
131 133
73 128
66 246
119 257
3 82
73 262
147 211
58 139
53 145
197 274
81 99
42 144
19 160
95 155
37 150
16 212
53 279
83 279
99 223
175 218
78 285
212 285
36 59
164 244
205 218
17 167
22 137
84 234
3 245
54 183
66 193
167 245
45 255
89 153
190 205
68 215
82 271
67 148
199 267
23 41
83 92
234 261
153 272
264 288
229 267
53 226
83 226
99 170
2 237
136 237
30 191
57 294
11 299
33 58
45 68
237 238
22 84
84 181
1 146
251 294
168 259
19 136
155 182
82 84
19 270
183 270
34 147
13 209
2 50
153 219
41 163
16 106
117 158
208 276
36 169
11 112
124 174
66 169
105 282
154 174
209 231
11 246
64 257
42 67
168 206
79 134
49 83
42 201
83 202
134 140
148 223
16 269
143 229
44 223
178 223
6 116
231 234
22 60
41 110
35 295
84 157
134 274
15 178
205 275
167 168
174 184
67 71
213 246
39 93
16 82
81 103
67 205
2 160
136 160
41 273
92 211
71 273
8 109
24 53
212 289
168 182
91 120
101 249
237 295
22 141
98 136
84 238
1 203
109 244
5 271
41 86
70 265
50 148
62 158
153 276
39 174
55 118
41 220
57 164
160 292
71 220
64 180
50 282
124 231
66 226
38 56
73 242
133 293
149 237
182 185
237 242
19 140
155 186
10 212
81 213
180 192
42 258
83 259
157 208
19 274
93 223
187 208
139 167
2 54
196 270
249 281
59 157
71 167
50 229
124 178
154 178
98 246
58 66
149 184
126 200
128 246
181 257
158 246
42 71
135 262
246 251
53 206
23 155
8 32
180 273
6 120
45 48
22 64
57 58
175 279
205 279
91 177
66 120
105 233
210 249
84 295
54 244
181 204
74 91
165 209
160 215
197 282
124 154
136 164
39 231
37 158
55 175
41 277
30 118
92 215
69 231
17 41
143 180
11 226
122 242
99 231
276 278
18 242
54 57
147 248
205 226
17 175
91 124
182 242
177 248
24 191
42 181
19 197
68 89
72 208
109 248
178 203
39 44
157 265
245 270
146 264
118 286
2 111
138 157
229 275
270 276
57 168
222 235
38 276
87 168
64 184
3 66
73 246
207 246
237 246
155 190
58 257
53 263
35 222
136 274
38 89
48 53
242 269
6 177
8 223
84 218
91 234
66 177
107 178
167 229
119 188
22 255
137 178
58 70
181 261
197 205
60 92
39 154
74 148
206 267
16 143
92 138
122 165
99 154
39 288
37 215
212 216
57 278
92 272
143 237
184 211
64 294
99 288
251 278
94 294
168 243
112 119
203 237
98 197
54 248
95 249
139 147
158 197
153 203
39 101
190 270
220 270
71 147
34 265
124 158
99 101
2 168
29 271
41 281
17 45
276 282
18 246
168 190
58 180
184 292
101 257
177 252
67 242
141 191
56 83
178 207
157 269
35 279
59 84
245 274
263 264
6 234
22 178
84 275
73 116
163 167
66 234
140 183
181 184
82 178
119 245
158 173
73 250
147 199
126 261
53 133
177 199
60 149
35 92
37 138
74 205
148 154
113 133
30 98
150 200
53 267
143 160
44 154
269 272
83 267
99 211
1 53
38 93
205 206
143 294
242 273
44 288
105 160
98 120
84 222
168 300
203 294
10 249
274 295
137 182
40 249
42 295
68 203
204 249
48 86
67 136
234 249
39 158
41 204
206 271
30 45
16 147
160 276
11 153
9 265
124 215
99 158
154 215
57 282
131 231
106 174
92 276
45 56
214 242
24 118
84 169
251 282
19 124
155 170
246 288
58 237
167 180
28 186
288 298
42 242
176 242
148 264
199 202
27 95
13 197
194 208
6 157
39 105
231 275
206 218
48 167
64 111
66 157
99 105
78 167
105 270
119 168
57 229
131 178
149 168
126 184
161 178
156 184
42 55
109 122
53 190
86 138
83 190
248 257
19 205
60 206
35 149
16 257
27 42
23 273
157 273
84 145
205 263
50 160
6 238
22 182
98 177
84 279
68 126
128 177
91 295
47 188
66 238
158 177
121 295
53 137
81 91
34 245
83 137
136 148
39 215
53 271
92 199
44 158
120 153
180 204
200 267
24 41
136 282
154 272
131 288
106 231
147 232
10 119
101 237
161 288
24 175
84 226
249 293
1 191
19 181
167 237
86 248
88 294
71 74
103 147
153 264
194 265
229 259
92 146
145 157
64 168
50 270
27 286
66 214
22 292
154 219
17 106
10 66
101 184
42 112
168 251
244 246
155 174
246 292
33 184
81 201
42 246
35 206
139 155
199 206
50 83
143 274
27 99
231 279
84 202
203 274
91 218
66 161
82 105
6 295
98 234
209 223
68 183
53 60
204 229
66 295
158 234
42 59
58 188
53 194
44 81
35 153
136 205
39 272
37 199
106 154
24 98
59 92
106 288
205 267
31 114
101 294
210 237
8 288
61 114
3 294
54 232
128 181
169 182
33 294
181 192
158 181
41 131
68 264
53 141
160 203
197 270
48 147
139 265
83 141
27 209
60 157
78 147
30 106
16 208
131 158
92 203
143 168
71 265
140 220
24 45
193 231
3 107
168 174
147 236
149 282
184 276
237 287
40 123
141 175
10 257
150 237
34 62
13 124
178 191
238 242
180 237
116 252
134 242
199 263
50 140
25 83
57 156
117 207
36 218
38 264
71 212
50 274
91 275
66 218
140 167
154 223
147 183
177 183
42 116
60 133
246 296
37 122
150 184
53 251
120 133
180 184
83 251
37 256
90 267
143 278
242 257
27 103
45 93
84 206
249 273
112 160
82 109
210 294
68 187
53 64
47 249
181 249
158 238
211 249
153 244
41 188
206 255
92 126
122 153
2 209
39 276
106 158
17 86
8 158
1 118
168 231
38 158
106 292
147 293
246 272
198 231
10 180
177 293
19 242
93 191
68 134
148 248
49 242
109 293
183 242
39 89
231 259
124 146
6 275
73 157
36 275
85 167
126 168
66 275
200 275
115 167
3 111
168 178
58 168
26 71
86 122
177 240
278 292
95 184
74 246
34 66
13 128
104 246
238 246
81 262
56 205
41 82
233 252
134 246
38 134
164 273
48 98
103 155
78 98
24 212
57 160
11 165
87 160
188 212
66 222
167 274
98 295
137 223
73 238
58 115
89 182
126 249
68 244
67 177
158 295
42 120
138 178
53 255
81 209
180 188
6 35
157 204
8 81
99 199
1 41
164 220
106 215
91 92
242 261
105 148
237 267
249 277
100 154
38 215
112 164
203 282
10 237
45 231
174 237
54 293
95 294
128 242
53 68
204 237
259 294
234 237
60 84
13 238
41 192
206 259
160 264
71 192
122 157
124 203
78 208
154 203
30 167
57 270
92 264
133 265
184 203
101 168
24 106
251 270
3 168
54 106
246 276
223 292
33 168
10 184
40 184
19 246
50 67
118 201
153 195
41 139
57 83
36 145
160 211
112 140
48 155
124 150
6 279
98 218
108 155
112 274
66 279
82 223
158 218
195 285
19 59
109 110
53 178
177 244
28 121
255 285
113 178
30 143
143 205
27 30
178 199
6 92
84 133
175 251
1 98
36 92
38 138
203 205
106 272
205 251
182 267
66 92
258 262
6 226
105 205
61 98
84 267
265 278
38 272
167 278
10 294
109 273
158 165
40 294
174 294
68 248
16 58
204 294
5 84
234 294
13 295
39 203
138 182
53 259
69 203
71 249
85 147
48 265
99 203
2 270
115 147
1 45
147 220
33 91
84 214
98 112
191 276
168 292
267 271
19 169
93 118
54 163
95 164
148 175
109 220
192 231
111 242
139 196
50 124
13 242
252 258
6 202
30 37
57 140
36 202
11 145
66 202
200 202
45 264
154 207
57 274
98 275
131 223
58 95
126 229
10 54
87 274
161 223
40 54
67 157
158 275
19 116
155 162
223 296
150 168
86 183
162 178
13 55
6 15
42 234
157 184
136 246
50 71
219 257
105 128
231 267
22 93
84 190
208 256
38 195
50 205
66 149
149 160
54 273
144 166
119 294
158 222
259 274
114 300
39 126
37 53
165 238
53 182
218 249
160 244
81 136
248 249
113 182
150 249
92 244
143 209
180 249
84 137
191 199
168 215
15 158
106 276
54 86
205 255
91 153
182 271
10 164
101 282
45 158
98 169
84 271
40 164
54 220
33 282
86 293
158 169
137 231
39 73
56 242
190 242
165 185
192 288
146 293
220 242
34 237
27 197
136 140
6 259
16 196
131 146
117 248
110 208
66 259
140 208
2 274
154 264
149 270
184 264
86 106
237 275
53 292
83 292
41 66
111 246
185 195
146 240
25 71
118 262
194 257
73 88
85 98
64 160
66 206
98 279
174 274
58 99
33 42
10 58
53 105
204 274
88 99
257 285
40 58
158 279
83 105
234 274
19 120
13 59
67 295
6 19
157 188
134 177
37 244
55 261
164 204
182 194
242 245
27 91
85 261
118 209
24 143
57 91
112 148
33 205
66 153
45 215
22 231
137 154
68 175
181 237
82 231
158 226
259 278
60 68
137 288
211 237
56 299
160 248
9 237
27 254
25 181
2 197
103 249
39 264
85 208
163 249
22 44
99 264
140 265
84 141
1 106
147 281
58 209
91 157
223 276
10 168
177 281
68 122
130 219
109 281
178 236
2 10
180 282
56 246
190 246
231 247
139 257
124 134
27 201
105 242
55 155
71 257
140 212
115 155
19 43
73 279
147 228
149 274
33 99
237 279
60 178
37 167
148 183
49 177
150 229
53 296
34 54
120 178
180 229
35 255
45 138
24 200
57 148
98 149
73 92
112 205
54 200
188 200
91 267
66 210
167 262
10 278
82 154
73 226
58 103
52 288
126 237
68 232
181 294
146 273
5 68
211 294
41 233
282 295
92 171
145 182
48 249
23 192
124 244
37 248
154 244
106 203
143 270
85 265
184 244
22 101
24 147
168 276
203 270
155 199
17 265
167 209
109 204
86 220
137 158
54 281
169 231
148 293
146 220
48 62
199 231
13 226
178 293
254 288
39 134
41 180
16 123
57 124
48 196
87 124
50 242
2 201
73 202
10 38
64 274
42 84
168 223
246 264
58 213
86 167
177 285
28 162
5 178
42 218
157 168
19 234
35 178
146 167
143 246
231 251
208 240
203 246
48 143
139 261
91 190
66 133
6 267
45 195
105 246
24 257
57 205
98 206
131 154
222 272
126 160
54 257
188 257
66 267
158 206
58 160
44 53
156 294
81 120
136 177
39 244
138 223
106 126
92 228
118 136
81 254
120 182
23 249
157 249
84 121
38 126
91 137
22 158
121 137
98 153
84 255
54 204
128 153
47 164
10 282
82 158
109 261
45 276
40 282
174 282
39 57
53 113
144 231
204 282
181 298
160 175
197 242
257 293
139 237
199 288
234 282
2 124
153 293
41 237
16 180
71 237
124 248
99 191
154 248
38 73
73 259
147 208
182 202
126 270
184 248
45 89
237 259
1 167
191 264
42 141
93 106
155 203
58 270
10 229
109 208
274 275
42 275
41 50
48 66
34 168
139 184
2 71
153 240
6 190
206 251
92 122
160 256
71 184
27 262
66 190
131 211
73 206
133 257
10 42
128 263
181 274
40 42
158 263
191 211
56 120
13 177
6 137
231 255
84 178
1 143
11 80
52 81
205 296
66 137
6 271
22 215
98 210
73 153
174 205
126 164
54 261
188 261
67 92
46 154
89 231
165 226
53 170
218 237
160 232
273 294
136 181
39 248
143 197
44 191
71 294
6 84
36 84
168 203
30 269
106 264
54 74
91 141
66 84
109 131
86 147
177 265
84 259
98 157
265 270
3 270
68 106
54 208
128 157
148 220
167 270
146 147
86 281
34 91
178 220
16 50
197 246
199 292
9 168
64 67
103 180
39 195
59 231
71 241
112 242
48 257
1 37
18 206
147 212
58 140
126 274
10 99
177 212
40 99
35 105
58 274
148 167
274 279
162 223
44 167
81 234
42 279
157 229
19 295
192 223
36 60
127 178
242 286
36 194
38 240
64 148
140 143
167 246
103 261
3 30
98 267
89 154
101 164
53 93
181 278
257 273
158 267
42 92
83 93
60 109
37 98
150 160
218 294
28 170
122 182
2 238
152 182
55 249
164 192
118 197
180 294
105 120
84 182
1 147
191 244
36 141
168 260
54 131
17 249
66 141
167 193
86 204
114 158
146 204
183 271
158 214
213 271
206 231
208 277
53 174
261 288
71 164
48 180
34 282
83 174
99 118
138 231
41 298
57 242
131 191
106 134
161 191
163 237
168 207
19 84
54 78
246 248
58 197
182 263
177 269
265 274
42 202
19 218
93 167
150 270
27 55
153 167
180 270
157 286
16 54
160 183
146 285
263 281
103 184
6 251
105 230
55 143
84 292
133 184
85 143
112 246
3 87
53 150
5 109
40 103
155 211
37 155
118 120
104 222
6 64
30 249
106 244
27 136
118 254
194 249
45 126
98 137
59 182
224 249
77 199
38 244
54 188
91 255
140 147
86 261
58 91
89 158
68 220
53 97
28 40
181 282
158 271
211 282
55 119
150 164
160 293
44 118
48 237
6 11
83 231
157 180
99 175
62 293
103 294
136 242
78 237
138 288
212 237
154 232
38 57
92 293
133 294
45 73
105 124
22 89
8 191
191 248
168 264
58 254
91 202
167 197
109 192
137 146
42 259
19 275
54 269
68 167
148 281
139 168
259 270
27 112
25 39
178 281
2 55
39 122
55 66
41 168
92 106
160 240
71 168
48 184
122 133
78 184
55 200
57 246
73 190
17 66
58 67
168 211
58 201
10 160
109 139
86 155
177 273
218 274
81 161
141 212
116 155
248 274
60 223
150 274
102 233
27 59
81 295
120 223
180 274
8 167
41 115
203 234
139 249
50 177
91 178
124 126
6 255
105 234
98 194
1 261
73 137
133 188
36 255
54 245
181 205
158 194
73 271
58 148
126 282
156 282
273 278
83 154
30 119
71 278
48 294
6 68
83 288
157 237
99 232
24 58
78 294
212 294
106 248
237 300
22 146
98 141
73 84
155 244
31 208
167 254
10 270
82 146
86 265
137 203
174 270
116 265
41 91
16 34
53 101
204 270
146 265
71 91
83 101
234 270
13 271
138 158
229 276
206 292
64 185
140 180
152 190
170 180
106 195
85 257
33 67
10 83
237 247
1 155
54 139
86 212
13 84
81 218
116 212
19 279
37 269
48 54
199 223
118 234
231 296
124 183
25 177
66 178
45 240
3 14
154 183
98 251
58 71
126 205
101 148
204 246
156 205
158 251
234 246
19 92
53 211
218 278
44 98
67 267
157 160
134 149
113 211
16 278
92 273
23 294
157 294
231 243
59 109
203 238
91 182
167 177
22 203
24 249
288 295
114 142
68 147
188 249
158 198
61 265
153 204
14 45
160 220
44 45
48 164
81 112
139 282
273 282
83 158
62 220
55 180
113 158
92 220
71 282
145 231
29 56
124 293
8 118
84 113
115 180
154 293
223 248
184 293
10 140
45 134
1 212
19 202
68 94
54 196
155 248
10 274
81 275
39 49
41 95
144 223
160 167
50 157
153 285
206 296
133 168
110 184
163 168
140 184
154 240
170 184
202 257
237 251
80 267
42 133
19 149
93 98
58 262
148 155
12 267
28 211
44 155
104 206
6 48
42 267
41 42
134 206
212 274
34 160
48 58
143 295
242 274
27 120
45 110
22 126
112 177
203 295
66 182
167 234
3 18
98 255
257 261
67 137
158 255
16 148
53 215
218 282
104 153
23 164
83 215
157 164
60 231
8 41
2 226
134 153
39 293
37 220
55 237
16 282
164 180
143 242
145 288
120 231
45 57
24 119
100 114
168 248
112 124
203 242
17 237
167 181
86 192
1 269
19 259
181 213
67 84
158 202
178 265
153 208
231 276
208 265
71 152
48 168
34 270
6 292
78 168
55 184
106 122
85 184
64 246
66 292
24 66
94 246
54 66
147 257
58 185
223 252
177 257
42 190
93 155
68 98
155 252
109 257
86 273
44 212
118 161
81 279
6 105
39 53
56 222
157 274
41 99
11 48
66 105
118 295
2 120
57 177
59 223
128 178
188 229
140 188
158 178
73 255
114 256
147 204
68 261
53 138
177 204
232 261
42 137
60 154
136 149
113 138
16 205
150 205
143 165
120 154
180 205
83 272
60 288
84 93
55 294
30 237
164 237
205 211
17 160
91 109
182 227
242 278
85 294
120 288
194 237
272 278
115 294
112 181
68 74
279 294
167 238
86 249
22 264
98 259
53 85
47 270
123 265
257 265
158 259
199 260
211 270
153 265
41 209
206 276
44 106
145 158
9 270
103 282
92 281
133 282
184 220
84 174
175 292
3 185
246 293
167 185
109 180
162 191
93 212
95 258
34 140
50 84
118 218
178 269
71 156
48 172
34 274
64 116
124 167
27 234
2 177
73 178
140 245
42 60
168 199
147 261
10 148
53 195
5 154
42 194
83 195
35 154
136 206
260 272
37 200
27 47
6 109
8 155
41 103
36 109
50 165
66 109
18 68
57 181
98 182
1 249
3 295
128 182
167 295
158 182
58 136
68 265
202 265
7 147
141 147
60 158
62 204
37 147
16 209
53 276
92 204
129 271
48 282
122 231
120 158
180 209
6 56
83 276
18 231
78 282
152 231
212 282
154 277
168 175
17 164
91 113
182 231
10 124
237 288
22 134
24 180
249 298
3 242
116 119
267 288
68 78
54 180
33 242
109 237
137 191
40 258
53 89
83 89
118 275
39 167
229 264
41 213
30 54
57 157
69 167
122 178
99 167
152 178
3 55
126 246
177 184
156 246
19 133
58 246
74 190
10 205
40 205
56 149
42 251
19 267
37 257
111 206
148 273
247 252
164 217
139 160
143 279
201 257
178 273
55 58
203 279
91 223
22 244
121 223
73 182
110 249
58 59
149 177
60 81
5 158
111 153
92 261
226 261
122 288
157 282
22 57
134 271
1 119
203 226
106 293
10 181
270 293
24 237
174 181
54 237
188 237
181 197
82 191
67 68
41 136
74 84
160 208
139 270
124 147
136 157
138 203
55 168
41 270
117 265
92 208
200 276
84 101
115 168
1 66
3 112
17 168
184 281
101 246
237 292
61 66
24 184
1 200
19 190
86 257
178 196
56 206
190 206
71 83
27 161
118 279
194 274
78 99
105 202
55 115
27 295
66 223
1 13
119 234
98 296
147 188
149 234
177 188
67 178
158 296
19 137
155 183
109 188
53 256
162 199
56 153
157 205
37 261
139 164
50 92
242 262
219 278
105 149
196 267
84 211
17 278
167 222
24 294
59 288
42 68
62 131
39 147
53 203
92 131
69 147
160 265
122 158
83 203
248 270
99 147
152 158
164 168
15 45
17 91
184 204
22 61
140 282
214 231
175 276
191 220
3 169
168 236
170 282
223 293
167 169
86 180
98 190
1 257
42 231
68 139
95 242
155 293
181 201
146 180
109 298
34 124
158 190
231 264
206 207
16 83
208 253
160 212
261 264
139 274
273 274
27 218
131 167
92 212
110 229
145 223
24 54
3 116
42 44
154 285
168 183
19 60
170 229
147 245
177 245
237 296
141 184
150 246
34 71
44 200
81 267
180 246
6 93
157 262
13 267
66 93
43 109
105 206
270 273
73 109
38 273
58 120
202 249
53 126
177 192
67 182
83 126
19 141
39 204
92 188
8 86
37 265
182 215
85 282
29 158
105 153
24 164
84 215
115 282
1 180
59 158
168 293
244 288
279 282
17 282
91 231
66 174
167 226
10 242
82 118
119 185
137 175
40 242
174 242
42 288
116 237
53 73
204 242
146 237
234 242
211 258
2 84
229 248
41 197
30 38
160 269
11 146
71 197
124 208
27 275
55 229
154 208
106 167
92 269
147 168
209 265
186 281
184 208
168 240
155 163
109 168
86 184
93 200
35 195
148 257
146 184
6 150
39 98
41 144
16 87
117 139
36 150
48 160
66 150
43 166
18 109
105 263
154 155
17 42
126 177
128 223
188 274
142 279
119 295
42 48
168 187
58 177
223 244
33 120
86 131
81 137
42 182
37 188
148 204
13 137
178 204
120 199
99 261
84 138
59 81
50 153
91 154
103 164
6 231
105 210
270 277
1 237
68 119
91 288
163 164
66 231
86 294
119 242
61 237
121 288
58 124
116 294
32 192
60 146
39 208
41 254
16 197
53 264
145 203
48 270
180 197
6 44
83 264
99 208
84 85
175 203
78 270
212 270
154 265
131 281
15 106
207 276
91 101
237 276
24 168
1 184
19 174
54 168
155 220
10 246
274 292
61 184
42 292
197 206
34 185
199 252
27 145
6 207
41 201
92 139
133 140
160 273
85 99
124 212
27 279
66 207
99 155
154 212
73 223
133 274
149 218
101 177
202 229
168 244
58 234
33 177
74 178
81 194
146 188
139 148
44 261
178 261
194 205
6 154
41 148
57 92
117 143
249 262
36 154
71 148
203 267
87 92
91 211
66 154
167 206
29 272
6 288
105 267
24 278
110 237
126 181
293 294
66 288
181 238
67 109
58 181
37 58
255 294
81 141
9 238
60 203
35 146
39 265
106 147
226 249
120 203
180 254
6 101
157 270
8 147
99 265
168 220
38 147
263 265
54 91
91 158
182 276
98 174
91 292
49 231
183 231
158 174
213 231
68 257
53 134
48 140
34 242
83 134
27 202
37 139
138 191
143 161
145 207
48 274
122 223
124 269
99 212
200 264
2 279
24 38
84 89
1 54
18 223
154 269
58 157
91 105
182 223
223 224
141 168
3 234
19 178
148 184
49 178
178 184
81 251
93 261
41 71
146 245
164 262
139 205
118 267
103 144
105 190
8 257
206 272
57 149
11 154
38 257
71 205
112 206
66 211
45 273
101 181
140 294
42 109
170 294
74 182
150 177
53 244
141 249
6 24
83 244
171 249
164 209
15 86
106 204
201 249
242 250
6 158
105 137
24 148
84 199
36 158
54 148
66 158
167 210
119 169
24 282
281 288
93 237
68 180
128 231
188 282
53 57
47 242
181 242
123 237
211 242
153 237
37 62
41 181
206 248
81 145
27 259
154 192
184 192
161 208
203 218
54 95
147 286
205 264
223 281
109 152
86 168
24 229
98 178
56 117
116 168
93 184
54 229
155 281
146 168
109 286
39 82
231 252
41 128
208 241
185 257
71 128
64 88
55 160
41 262
57 206
131 155
73 150
124 273
24 42
1 58
154 273
19 48
184 273
86 115
278 285
255 274
67 223
19 182
95 177
58 295
148 188
143 194
118 137
180 234
157 250
11 24
48 91
29 199
73 97
133 148
36 215
87 153
128 154
188 205
167 267
43 231
73 231
147 180
126 242
68 237
128 288
202 237
177 180
123 294
257 294
232 237
42 113
153 294
53 248
81 202
83 248
2 259
152 203
55 270
106 208
143 275
196 259
237 260
98 101
84 203
249 270
1 168
3 214
168 281
203 275
54 152
17 270
167 214
82 106
109 209
274 276
19 292
68 184
53 61
13 231
208 298
160 257
11 134
124 196
30 160
92 257
147 156
17 83
22 53
24 99
84 150
251 263
54 99
58 218
10 177
109 156
162 167
81 178
42 223
111 178
34 116
118 194
153 188
180 291
6 138
39 86
208 245
160 204
48 148
64 92
124 143
103 205
105 251
73 154
133 205
128 211
158 211
73 288
147 237
74 109
68 294
202 294
19 186
262 294
16 238
118 141
81 259
180 238
6 85
99 249
233 249
84 126
30 270
106 265
240 265
205 244
59 203
265 271
36 219
38 265
68 107
54 209
128 158
86 282
190 231
165 174
160 180
146 282
220 231
158 292
78 124
229 293
30 83
117 237
92 180
71 242
145 191
122 207
200 248
1 38
55 274
147 213
17 140
33 84
45 94
177 213
237 264
98 105
63 84
54 156
17 274
58 275
137 167
41 55
68 188
130 285
48 71
118 251
194 246
57 133
160 261
122 154
27 267
103 262
22 273
147 160
140 278
181 279
42 93
168 232
19 109
246 273
51 182
109 160
177 294
13 48
81 182
111 182
148 249
13 182
44 249
178 249
180 295
84 183
185 265
38 188
203 255
91 199
215 265
6 276
105 255
98 215
1 282
73 158
133 209
181 226
158 215
190 288
218 242
220 288
255 282
67 231
9 226
60 191
37 180
16 242
150 242
92 237
166 186
226 237
118 145
120 191
180 242
8 135
59 73
36 89
168 208
30 274
86 152
22 167
121 146
84 264
1 229
100 208
93 168
167 275
109 270
123 168
153 168
39 66
41 112
68 245
53 122
160 184
139 246
83 122
27 190
11 195
71 246
64 206
124 257
1 42
94 206
91 93
184 257
202 274
24 160
191 273
232 274
42 150
54 160
58 279
157 234
19 300
93 249
41 59
134 223
34 177
27 137
105 178
229 244
117 188
73 81
38 245
124 204
140 148
167 251
18 158
3 35
154 204
67 154
53 232
44 119
67 288
141 237
56 129
157 181
8 58
37 237
139 140
226 294
50 68
143 259
201 237
118 202
57 84
84 187
249 254
36 146
168 265
203 259
54 136
91 203
66 146
198 265
105 259
24 270
137 147
89 106
68 168
54 270
188 270
199 220
271 281
16 112
218 246
44 66
124 180
37 184
243 252
154 180
16 246
131 196
10 27
23 262
99 257
24 83
1 99
168 212
170 258
54 83
147 274
58 202
109 140
86 156
177 274
3 279
19 223
68 115
109 274
183 223
27 60
213 223
231 240
208 229
160 188
50 178
27 194
2 137
55 148
85 148
71 250
188 246
140 205
115 148
119 267
154 261
19 36
170 205
58 149
149 267
33 92
184 261
141 160
42 154
93 119
150 222
141 294
173 182
35 248
212 295
11 12
91 126
201 294
242 295
27 141
118 259
45 131
105 182
22 147
8 249
133 136
36 203
54 193
66 203
167 255
10 271
82 147
45 265
119 214
98 276
174 271
93 282
197 231
257 282
67 158
172 174
158 276
42 101
60 118
41 226
16 169
160 298
71 226
48 242
81 190
122 191
99 180
1 22
78 242
212 242
182 191
184 237
237 248
24 140
249 258
40 84
3 202
168 269
203 263
54 140
155 192
167 202
109 197
24 274
42 264
93 229
54 274
144 167
37 54
55 71
206 240
160 245
64 133
124 184
27 251
55 205
3 15
85 205
126 206
54 87
147 278
58 206
223 273
177 278
42 211
116 160
155 273
146 160
226 274
118 182
178 233
6 126
157 295
231 244
41 120
50 182
124 131
66 126
45 188
119 137
131 147
222 265
126 153
140 209
142 255
158 199
137 261
73 276
68 282
197 288
141 164
42 158
60 175
39 237
37 164
262 282
74 231
148 180
16 226
53 293
166 170
178 180
180 226
6 73
83 293
157 242
99 237
233 237
134 231
164 258
205 232
17 181
66 73
272 299
98 146
59 191
54 197
91 264
167 259
183 203
39 50
89 167
16 39
53 106
146 270
7 111
282 292
92 168
69 184
48 246
99 184
78 246
154 241
38 66
131 257
147 201
242 246
101 206
45 82
177 201
22 98
1 160
168 273
58 263
148 156
51 223
109 201
61 160
137 155
269 274
141 274
41 43
164 234
39 131
41 177
206 244
59 167
92 115
112 178
124 188
18 142
119 194
22 261
154 188
147 148
184 188
101 153
202 205
181 267
42 81
223 277
165 272
109 148
86 164
177 282
81 170
19 231
134 154
39 294
148 237
92 278
44 237
178 237
105 109
231 248
99 294
57 68
208 237
167 182
6 264
22 208
98 203
1 270
114 147
133 197
126 157
68 152
54 254
128 203
66 264
82 208
158 203
137 265
129 158
255 270
25 158
39 241
131 180
143 190
44 184
161 180
221 231
200 293
1 83
54 67
184 298
167 263
178 213
39 54
116 274
190 223
208 213
53 110
47 295
146 274
220 223
34 218
27 178
39 188
138 167
41 234
57 178
71 234
122 199
99 188
58 133
149 251
182 199
10 92
177 205
5 98
40 92
42 138
19 154
58 267
70 92
148 160
49 154
150 206
53 273
13 93
141 278
180 206
6 53
41 47
14 294
148 294
242 279
178 294
103 120
208 294
249 295
91 244
22 265
73 203
147 152
209 249
10 39
53 86
158 260
42 85
83 86
35 45
246 265
37 91
264 282
74 158
53 220
160 282
9 271
99 164
2 231
136 231
134 158
226 282
85 242
118 190
6 134
105 113
22 78
8 180
24 124
84 175
115 242
1 140
59 118
251 288
54 124
17 242
91 191
66 134
167 186
86 197
22 212
61 140
1 274
19 264
68 156
181 218
34 141
158 207
61 274
137 269
41 157
44 54
71 157
50 219
83 167
136 178
113 167
131 184
84 122
54 71
147 262
58 190
10 149
109 128
24 205
265 267
3 267
19 211
93 160
68 103
33 267
109 262
86 278
27 48
153 160
116 278
157 279
263 274
27 182
6 244
105 223
41 238
133 177
71 238
87 182
66 244
200 244
154 249
147 209
58 137
86 91
177 209
141 148
19 158
155 204
148 164
34 35
129 272
44 164
269 282
141 282
6 57
8 103
136 288
37 282
36 57
30 242
106 237
201 282
194 242
24 181
84 232
54 181
119 202
22 269
121 248
98 264
114 208
190 203
93 270
169 265
181 275
257 270
158 264
199 265
60 106
153 270
39 168
138 147
160 286
13 44
99 168
55 246
92 286
85 246
45 66
8 184
115 246
3 190
168 257
203 251
54 128
155 180
17 246
58 247
33 190
167 190
10 206
89 98
54 262
148 274
178 274
37 42
41 161
208 274
92 99
99 115
78 177
41 295
106 131
58 60
209 229
142 296
1 91
3 137
168 204
10 153
141 205
42 199
93 164
95 210
155 261
37 205
34 92
9 35
13 154
118 170
180 267
4 41
231 232
208 221
59 98
48 124
106 294
139 242
64 68
215 237
103 181
6 248
18 73
270 294
174 182
38 294
54 238
66 248
193 208
158 187
137 249
58 141
149 259
68 270
202 270
81 101
67 203
172 219
232 270
83 147
35 106
95 157
136 158
148 168
53 281
143 174
44 168
124 282
2 292
134 219
1 67
36 61
106 241
91 118
182 236
105 174
237 293
22 139
98 134
68 83
155 237
167 247
10 263
9 11
116 258
93 274
197 223
257 274
13 264
153 274
41 218
64 178
94 178
73 240
106 188
182 183
1 148
3 194
19 138
58 251
47 92
81 211
56 154
157 206
171 262
146 205
139 165
206 232
57 109
59 155
92 103
78 181
98 244
82 249
158 244
191 192
19 85
147 270
89 265
109 136
53 204
177 270
129 199
44 91
83 204
159 199
39 282
37 209
111 158
16 271
69 282
143 231
13 158
8 164
99 282
1 124
203 231
263 282
167 170
258 288
105 231
61 124
24 242
84 293
188 242
181 202
67 73
68 274
160 213
48 157
78 157
41 275
131 168
17 39
120 167
23 234
173 178
168 184
38 111
147 246
91 122
182 240
184 286
10 133
86 128
22 143
98 138
1 205
68 87
148 201
109 246
86 262
61 205
137 200
83 98
252 284
18 53
4 155
138 155
92 160
160 294
85 120
64 182
131 249
133 295
161 249
237 244
67 183
42 126
155 188
58 255
53 261
180 194
157 210
19 276
134 199
212 267
148 282
242 267
44 282
178 282
2 56
105 154
231 293
208 282
203 288
50 231
66 175
103 242
45 237
105 288
73 191
58 68
209 237
68 197
53 74
181 259
197 203
158 248
151 208
264 270
30 39
53 208
5 167
81 162
67 264
83 208
99 152
35 167
138 265
106 168
92 270
226 270
44 229
118 178
6 122
99 286
168 241
38 168
66 122
167 174
24 246
288 292
54 246
146 185
82 200
158 195
137 257
153 201
231 269
14 42
41 145
69 99
71 145
215 274
55 177
113 155
57 223
133 218
36 285
115 177
168 188
54 59
17 177
58 178
19 199
68 91
148 205
183 199
102 210
162 261
13 138
180 251
6 98
36 98
71 92
50 154
27 170
13 272
66 98
252 288
105 211
270 278
84 273
222 237
15 294
188 222
66 232
3 68
73 248
147 197
209 294
10 84
53 131
177 197
83 131
19 146
60 147
74 203
148 152
143 158
269 270
120 147
83 265
157 214
8 91
2 276
84 86
113 265
17 153
182 220
242 271
45 107
105 158
84 220
203 292
54 169
33 231
274 293
86 242
119 190
137 180
116 242
149 190
190 191
68 201
53 78
5 37
23 27
264 274
41 202
16 145
92 140
122 167
99 156
200 208
136 223
152 167
212 218
92 274
19 122
155 168
167 178
63 178
141 246
93 205
68 148
201 246
27 93
118 211
231 273
16 92
185 278
71 149
48 165
64 109
25 154
66 155
99 103
222 294
140 238
115 181
156 182
42 53
147 254
58 182
109 120
42 187
35 147
260 265
27 40
178 209
81 276
180 255
106 282
50 158
210 231
270 282
22 180
8 282
98 175
1 242
73 118
265 288
112 231
54 226
91 293
158 175
61 242
137 237
37 140
41 259
16 202
145 208
180 202
157 218
24 39
212 275
205 208
17 157
91 106
242 275
184 270
45 111
237 281
98 122
191 286
86 246
46 66
137 184
56 195
116 246
68 205
53 82
197 211
257 262
139 206
199 257
27 150
60 98
39 160
206 273
16 149
160 278
71 206
145 155
8 42
99 160
147 177
58 105
209 274
140 295
168 249
109 177
63 182
81 199
42 244
120 261
153 209
59 143
185 282
71 153
112 154
6 293
210 288
57 231
98 232
36 293
110 242
89 119
10 11
66 293
107 294
140 242
82 237
158 232
42 57
137 294
170 242
271 294
109 124
42 191
136 203
39 270
138 249
92 254
27 44
118 162
145 265
180 259
22 50
99 270
175 265
15 168
182 281
66 106
45 168
270 286
84 281
1 246
3 292
126 133
167 292
181 190
82 184
9 56
195 246
153 185
53 139
81 93
2 150
227 268
138 196
16 206
11 212
44 160
120 155
140 218
184 274
177 234
24 177
98 126
42 167
19 183
54 177
58 296
109 234
34 60
28 245
5 261
16 19
164 267
48 92
199 261
138 143
41 210
57 154
92 148
87 154
1 6
22 294
57 288
131 237
73 232
147 181
186 294
10 68
177 181
257 295
246 294
58 243
109 181
56 146
42 248
157 198
148 270
139 157
50 85
242 255
27 101
44 270
178 270
120 265
231 281
84 204
208 270
59 147
112 158
91 220
167 215
105 276
121 220
174 231
54 287
204 231
156 190
259 288
271 298
92 124
13 16
44 83
81 150
60 212
99 140
39 274
17 84
11 269
145 269
22 54
99 274
203 223
205 269
91 167
10 178
109 157
22 188
98 183
174 178
19 240
54 234
148 246
181 194
158 183
39 87
231 257
208 246
144 261
160 205
27 211
2 154
136 154
6 273
18 98
41 267
131 160
101 109
124 278
66 273
19 53
131 294
147 238
223 233
33 109
161 294
86 120
177 238
81 126
141 177
109 238
162 249
13 126
178 193
6 86
157 255
192 249
66 86
118 276
194 271
6 220
105 199
57 158
84 261
87 158
66 220
140 169
82 164
3 56
174 288
58 113
209 282
68 242
202 242
144 237
204 288
158 293
232 242
42 118
234 288
46 237
39 197
92 181
143 146
13 73
180 186
35 212
131 270
164 218
182 208
242 259
44 274
161 270
6 167
105 146
98 106
84 208
249 275
3 219
36 167
54 157
66 167
98 240
137 168
93 246
53 66
181 251
67 122
37 71
41 190
92 128
71 190
122 155
78 206
138 257
55 222
154 201
15 42
106 160
92 262
184 201
22 58
99 278
140 279
168 233
147 295
205 273
246 274
86 177
177 295
162 172
35 188
68 136
155 290
146 177
109 295
118 199
178 250
2 24
180 296
6 143
39 91
56 260
231 261
41 137
57 81
36 143
69 91
160 209
71 137
64 97
124 148
66 143
2 158
131 164
222 282
149 154
11 220
161 164
140 226
67 98
193 237
168 180
19 57
73 293
58 170
89 237
223 237
177 242
141 181
42 175
46 294
148 197
178 197
81 264
122 265
22 34
84 131
71 84
164 275
106 270
240 270
91 147
182 265
27 162
103 157
235 276
105 203
121 147
73 106
133 157
265 276
3 276
68 112
54 214
91 281
167 276
82 168
68 246
202 246
232 246
2 134
39 201
138 180
53 257
92 185
143 150
180 190
99 201
24 27
131 274
207 269
182 212
10 105
101 223
161 274
105 150
249 279
1 177
19 167
155 213
109 218
86 234
41 60
54 295
197 199
27 138
39 148
55 92
41 194
69 148
85 92
71 194
124 205
99 148
140 149
103 267
138 261
133 267
17 92
42 98
95 109
81 187
42 232
157 182
60 249
219 255
120 249
153 197
6 147
41 141
206 208
36 147
261 265
11 90
50 203
91 204
215 270
66 147
29 265
119 158
24 271
98 220
59 265
149 158
181 231
158 220
137 282
114 298
58 174
53 180
136 191
138 237
113 180
226 242
118 150
24 84
168 213
106 274
240 274
182 269
210 223
84 269
176 208
68 116
54 218
128 167
109 275
137 229
39 71
2 138
78 133
138 184
16 194
69 205
143 154
85 149
120 143
99 205
140 206
1 47
131 278
91 98
184 262
10 109
237 273
40 109
42 155
168 294
95 166
155 217
86 238
81 244
192 233
37 295
199 249
6 204
206 265
73 86
133 137
236 265
64 158
91 261
124 209
27 276
66 204
200 204
119 215
22 282
154 209
98 277
126 231
184 209
181 288
156 231
211 288
223 298
165 293
53 237
162 180
44 124
141 242
6 17
56 134
83 237
37 242
138 294
171 242
164 202
106 197
242 243
84 192
189 208
249 259
1 157
203 264
54 141
91 208
167 203
61 157
73 167
126 178
54 275
144 168
156 178
60 66
39 128
37 55
160 246
81 138
55 206
113 184
16 251
92 246
226 246
44 205
85 206
145 257
120 200
99 262
84 139
191 201
54 88
147 279
205 257
17 206
91 155
177 279
40 166
93 177
54 222
95 223
148 234
109 279
178 234
153 177
231 245
41 121
134 285
144 249
96 178
160 193
146 295
27 199
6 261
36 261
17 19
119 272
19 41
131 282
147 226
149 272
126 288
177 226
93 124
35 119
148 181
109 226
44 181
81 248
6 74
83 294
113 294
164 259
48 84
242 300
13 248
118 264
6 208
57 146
189 265
133 141
36 208
112 203
128 147
91 265
66 208
140 157
58 101
89 168
209 270
181 292
158 281
9 158
35 66
39 185
16 174
92 169
83 241
157 190
1 27
37 246
15 83
106 201
182 196
242 247
120 257
194 206
6 155
105 134
22 99
91 212
10 223
82 99
109 202
40 223
68 177
204 223
146 218
37 59
41 178
208 291
53 188
71 178
122 143
23 137
83 188
154 189
30 153
16 255
106 148
133 251
147 149
209 246
101 154
140 267
24 92
175 261
205 261
58 211
49 98
109 149
19 232
93 181
260 294
148 238
164 182
50 53
118 187
178 238
153 181
6 131
192 294
36 131
160 197
66 131
6 265
55 157
57 203
73 147
59 249
85 157
126 158
66 265
43 281
156 158
119 276
67 86
158 204
149 276
165 220
144 282
218 231
278 282
88 158
136 175
39 242
37 169
51 252
16 231
150 231
34 56
92 226
69 242
145 237
178 185
120 180
180 231
99 242
233 242
35 257
175 237
164 263
205 237
66 78
8 258
59 196
3 264
36 212
54 202
66 212
167 264
165 167
34 219
67 167
2 122
138 168
16 178
124 246
115 133
212 251
154 246
207 257
242 251
184 246
45 87
237 257
24 149
84 200
249 267
191 262
168 278
54 149
167 211
109 206
86 222
137 160
42 273
116 222
41 48
148 295
139 182
27 126
118 244
153 238
6 188
41 182
92 120
71 182
122 147
66 188
18 147
73 204
147 153
133 255
101 158
191 209
3 158
42 86
35 46
147 287
33 158
150 154
177 287
218 288
162 164
63 158
42 220
248 288
60 237
35 180
95 231
148 242
150 288
143 248
27 73
44 242
178 242
120 237
180 288
8 181
208 242
203 248
105 248
121 192
174 203
68 157
54 259
128 208
183 265
158 208
137 270
114 286
58 162
53 168
81 122
83 168
60 184
106 128
85 190
71 292
118 138
122 257
120 184
6 82
59 66
152 257
168 201
66 82
210 211
24 206
84 257
1 222
19 212
54 206
128 155
155 258
188 206
91 273
82 160
153 161
41 105
68 238
53 115
160 177
48 121
199 290
153 295
16 182
92 177
133 178
140 194
73 261
24 153
141 149
3 215
168 282
54 153
95 154
58 272
10 231
86 226
5 237
137 164
40 231
180 211
281 293
19 293
60 294
93 242
95 288
169 237
48 68
199 237
118 248
2 73
120 294
153 242
73 74
91 249
124 197
27 264
140 141
121 249
154 197
73 208
147 157
133 259
184 197
128 265
140 275
181 276
82 270
257 271
67 147
246 270
49 106
150 158
5 184
157 174
138 282
14 246
164 190
106 185
44 246
180 292
6 139
84 180
38 185
10 207
43 155
82 83
24 263
98 212
137 140
54 263
47 223
181 223
158 212
137 274
211 223
39 116
41 162
68 295
16 105
160 234
48 178
159 167
92 234
122 261
140 251
1 92
3 138
168 205
147 267
205 245
182 261
223 262
10 154
109 133
86 149
177 267
61 92
141 206
3 272
116 149
155 262
10 288
109 267
201 206
35 294
160 181
71 109
199 294
27 187
270 295
73 131
133 182
38 295
64 203
66 249
1 39
73 265
147 214
74 86
177 214
237 265
172 220
42 147
60 164
95 158
58 276
120 164
83 282
157 231
35 241
113 282
247 282
106 242
240 242
196 293
8 242
84 237
59 180
38 242
112 191
15 258
82 140
126 223
68 218
5 54
82 274
158 269
42 94
74 167
92 157
145 168
122 184
23 178
152 184
38 55
131 246
164 194
182 184
237 241
24 133
3 195
54 133
10 211
109 190
86 206
137 144
116 206
19 273
54 267
204 211
148 279
178 279
39 120
144 294
160 238
48 182
27 244
99 120
2 187
154 177
117 295
92 238
145 249
168 209
58 199
10 158
109 137
86 153
177 271
40 158
67 261
116 153
19 220
70 158
148 226
162 282
27 57
178 226
153 169
157 288
231 237
41 113
13 293
66 119
29 237
103 186
57 191
59 237
140 202
181 203
119 264
158 192
3 89
19 33
147 218
68 275
53 152
144 270
177 218
28 95
67 208
141 157
60 168
118 122
120 168
6 66
38 112
240 246
242 292
98 139
1 206
73 82
59 184
54 190
91 257
47 150
22 278
61 206
135 155
162 258
98 273
89 160
192 258
169 274
53 99
160 161
257 279
67 155
158 273
153 279
39 177
160 295
11 172
71 223
50 285
124 234
99 177
1 19
92 295
133 296
184 234
10 81
177 194
22 91
84 188
1 153
40 81
19 143
244 261
54 137
167 199
109 194
137 148
68 169
34 154
50 98
103 109
153 226
97 294
55 68
41 170
206 237
185 299
160 242
261 294
27 248
154 181
59 294
58 69
128 249
140 259
156 203
67 131
191 197
147 275
58 203
89 270
223 270
74 147
165 265
109 141
53 209
5 168
81 163
67 265
56 106
157 158
92 271
180 276
157 292
185 246
38 169
112 118
17 231
45 185
119 134
105 236
210 252
22 201
121 180
288 293
36 257
68 145
66 257
181 207
19 37
46 140
16 89
53 156
218 223
160 218
2 167
150 223
106 116
92 218
143 183
44 177
118 126
180 223
115 178
38 116
54 60
17 178
242 296
177 251
22 148
84 245
19 200
68 92
155 246
109 251
137 205
41 93
35 278
68 226
53 103
146 267
48 109
39 181
18 58
78 109
138 160
206 294
30 68
236 294
124 238
66 233
99 181
140 182
2 248
119 244
154 238
73 249
184 238
101 203
237 249
67 188
191 254
19 147
35 91
148 153
109 198
13 86
81 220
180 199
42 265
60 282
37 271
34 158
143 293
13 220
120 282
194 231
41 174
57 118
208 287
59 164
36 180
203 293
15 242
279 288
17 288
91 237
66 180
167 232
82 124
105 293
58 73
209 242
68 202
35 38
39 157
89 274
37 84
16 146
53 213
69 157
122 168
172 285
99 157
37 218
138 270
212 219
164 178
92 275
45 55
105 106
84 168
1 133
168 246
205 286
91 184
86 190
119 138
22 205
93 206
126 154
54 251
181 211
146 190
183 257
151 160
213 257
41 150
